#                                                                                                          --- full sequence --- -------------- this domain -------------   hmm coord   ali coord   env coord
# target name                                      accession   tlen query name           accession   qlen   E-value  score  bias   #  of  c-Evalue  i-Evalue  score  bias  from    to  from    to  from    to  acc description of target
#                              ------------------- ---------- ----- -------------------- ---------- ----- --------- ------ ----- --- --- --------- --------- ------ ----- ----- ----- ----- ----- ----- ----- ---- ---------------------
NODE_142_length_13006_cov_73.540901:8235-9872|+    -            546 9801107              -            447  8.3e-185  612.9   0.0   1   1  1.4e-184  1.4e-181  602.2   0.0     1   446     6   537     6   538 0.84 NODE_142_length_13006_cov_73.540901_7 # 8235 # 9872 # 1 # ID=32_7;partial=00;start_type=ATG;rbs_motif=GGA/GAG/AGG;rbs_spacer=5-10bp;gc_cont=0.518
NODE_926_length_95421_cov_71.123581:92764-94341|+  -            526 9801107              -            447   1.7e-06   25.2   0.1   1   1   1.6e-08   1.7e-05   21.9   0.1   288   429    52   186    23   203 0.63 NODE_926_length_95421_cov_71.123581_81 # 92764 # 94341 # 1 # ID=386_81;partial=00;start_type=ATG;rbs_motif=GGA/GAG/AGG;rbs_spacer=5-10bp;gc_cont=0.546
NODE_2132_length_53289_cov_67.616959:42489-43253|+ -            255 9801107              -            447   4.9e-06   23.7   0.1   1   1   6.1e-08   6.4e-05   20.0   0.1   306   446    98   245    93   246 0.73 NODE_2132_length_53289_cov_67.616959_42 # 42489 # 43253 # 1 # ID=1067_42;partial=00;start_type=ATG;rbs_motif=GGA/GAG/AGG;rbs_spacer=5-10bp;gc_cont=0.528
NODE_625_length_50664_cov_72.003532:170-1318|+     -            383 9801107              -            447   4.9e-05   20.4   0.0   1   2   1.6e-06    0.0017   15.3   0.0   287   341   233   289   217   330 0.78 NODE_625_length_50664_cov_72.003532_1 # 170 # 1318 # 1 # ID=266_1;partial=00;start_type=TTG;rbs_motif=GGAGG;rbs_spacer=5-10bp;gc_cont=0.533
NODE_625_length_50664_cov_72.003532:170-1318|+     -            383 9801107              -            447   4.9e-05   20.4   0.0   2   2     0.012        12    2.6   0.0   421   444   350   373   345   376 0.89 NODE_625_length_50664_cov_72.003532_1 # 170 # 1318 # 1 # ID=266_1;partial=00;start_type=TTG;rbs_motif=GGAGG;rbs_spacer=5-10bp;gc_cont=0.533
NODE_2006_length_20165_cov_69.217606:2907-3497|-   -            197 9801107              -            447     0.011   12.6   0.0   1   2   0.00011      0.11    9.3   0.0   262   327    14    82    10    90 0.76 NODE_2006_length_20165_cov_69.217606_5 # 2907 # 3497 # -1 # ID=987_5;partial=00;start_type=ATG;rbs_motif=AGGAG;rbs_spacer=5-10bp;gc_cont=0.550
NODE_2006_length_20165_cov_69.217606:2907-3497|-   -            197 9801107              -            447     0.011   12.6   0.0   2   2     0.026        28    1.4   0.0   411   440   166   192   137   196 0.60 NODE_2006_length_20165_cov_69.217606_5 # 2907 # 3497 # -1 # ID=987_5;partial=00;start_type=ATG;rbs_motif=AGGAG;rbs_spacer=5-10bp;gc_cont=0.550
#
# Program:         hmmsearch
# Version:         3.4 (Aug 2023)
# Pipeline mode:   SEARCH
# Query file:      /home/simonedassisi/velvet-1.2.10/busco_downloads/lineages/bacteria_odb12/hmms/9801107at2.hmm
# Target file:     results/BUSCO_output_velveth21/prodigal_output/predicted_genes/predicted.faa
# Option settings: hmmsearch --domtblout results/BUSCO_output_velveth21/auto_lineage/run_bacteria_odb12/hmmer_output/9801107at2.out --cpu 1 /home/simonedassisi/velvet-1.2.10/busco_downloads/lineages/bacteria_odb12/hmms/9801107at2.hmm results/BUSCO_output_velveth21/prodigal_output/predicted_genes/predicted.faa 
# Current dir:     /home/simonedassisi/velvet-1.2.10
# Date:            Wed Apr  2 19:18:22 2025
# [ok]
