#                                                                                                          --- full sequence --- -------------- this domain -------------   hmm coord   ali coord   env coord
# target name                                      accession   tlen query name           accession   qlen   E-value  score  bias   #  of  c-Evalue  i-Evalue  score  bias  from    to  from    to  from    to  acc description of target
#                              ------------------- ---------- ----- -------------------- ---------- ----- --------- ------ ----- --- --- --------- --------- ------ ----- ----- ----- ----- ----- ----- ----- ---- ---------------------
NODE_2305_length_33814_cov_83.113121:24087-25469|+ -            461 32941                -            451   2.8e-42  143.1   1.1   1   1   3.7e-45   3.3e-42  142.8   1.1     6   411     5   403     1   410 0.90 NODE_2305_length_33814_cov_83.113121_24 # 24087 # 25469 # 1 # ID=1155_24;partial=00;start_type=ATG;rbs_motif=GGAG/GAGG;rbs_spacer=5-10bp;gc_cont=0.550
NODE_2305_length_33814_cov_83.113121:21605-23146|+ -            514 32941                -            451   1.2e-40  137.7   1.1   1   1   4.9e-43   4.3e-40  135.9   1.1     6   348    30   378    25   436 0.88 NODE_2305_length_33814_cov_83.113121_22 # 21605 # 23146 # 1 # ID=1155_22;partial=00;start_type=ATG;rbs_motif=GGA/GAG/AGG;rbs_spacer=5-10bp;gc_cont=0.534
NODE_817_length_13210_cov_70.289253:2-874|+        -            291 32941                -            451   2.3e-31  107.1   0.4   1   1   3.1e-34   2.8e-31  106.8   0.4   136   379     3   238     1   255 0.92 NODE_817_length_13210_cov_70.289253_1 # 2 # 874 # 1 # ID=354_1;partial=10;start_type=Edge;rbs_motif=None;rbs_spacer=None;gc_cont=0.577
NODE_563_length_2367_cov_72.813690:1686-2387|-     -            234 32941                -            451   1.4e-16   58.3   0.0   1   1   1.8e-19   1.6e-16   58.2   0.0    21   250     3   233     1   233 0.87 NODE_563_length_2367_cov_72.813690_5 # 1686 # 2387 # -1 # ID=246_5;partial=01;start_type=Edge;rbs_motif=None;rbs_spacer=None;gc_cont=0.453
NODE_563_length_2367_cov_72.813690:1164-1673|-     -            170 32941                -            451   2.5e-15   54.2   0.0   1   1   2.8e-18   2.5e-15   54.2   0.0   259   366     4   108     1   163 0.86 NODE_563_length_2367_cov_72.813690_4 # 1164 # 1673 # -1 # ID=246_4;partial=00;start_type=ATG;rbs_motif=GGA/GAG/AGG;rbs_spacer=11-12bp;gc_cont=0.439
NODE_379_length_6573_cov_66.862923:2-505|-         -            168 32941                -            451   1.7e-08   31.7   0.0   1   1   2.4e-11   2.1e-08   31.4   0.0    73   133   107   167    83   168 0.91 NODE_379_length_6573_cov_66.862923_1 # 2 # 505 # -1 # ID=123_1;partial=10;start_type=ATG;rbs_motif=AGGAG;rbs_spacer=5-10bp;gc_cont=0.583
#
# Program:         hmmsearch
# Version:         3.4 (Aug 2023)
# Pipeline mode:   SEARCH
# Query file:      /home/simonedassisi/velvet-1.2.10/busco_downloads/lineages/archaea_odb12/hmms/32941at2157.hmm
# Target file:     results/BUSCO_output_velveth21/prodigal_output/predicted_genes/predicted.faa
# Option settings: hmmsearch --domtblout results/BUSCO_output_velveth21/auto_lineage/run_archaea_odb12/hmmer_output/32941at2157.out --cpu 1 /home/simonedassisi/velvet-1.2.10/busco_downloads/lineages/archaea_odb12/hmms/32941at2157.hmm results/BUSCO_output_velveth21/prodigal_output/predicted_genes/predicted.faa 
# Current dir:     /home/simonedassisi/velvet-1.2.10
# Date:            Wed Apr  2 19:18:17 2025
# [ok]
