#                                                                                                          --- full sequence --- -------------- this domain -------------   hmm coord   ali coord   env coord
# target name                                      accession   tlen query name           accession   qlen   E-value  score  bias   #  of  c-Evalue  i-Evalue  score  bias  from    to  from    to  from    to  acc description of target
#                              ------------------- ---------- ----- -------------------- ---------- ----- --------- ------ ----- --- --- --------- --------- ------ ----- ----- ----- ----- ----- ----- ----- ---- ---------------------
NODE_142_length_13006_cov_73.540901:8235-9872|+    -            546 52769                -            483  2.2e-191  635.3   0.0   1   1  1.9e-194  2.6e-191  635.1   0.0     1   482    13   536    13   537 0.90 NODE_142_length_13006_cov_73.540901_7 # 8235 # 9872 # 1 # ID=32_7;partial=00;start_type=ATG;rbs_motif=GGA/GAG/AGG;rbs_spacer=5-10bp;gc_cont=0.518
NODE_625_length_50664_cov_72.003532:170-1318|+     -            383 52769                -            483   2.3e-05   21.9   0.0   1   2   1.6e-07   0.00022   18.7   0.0   308   361   230   285   207   313 0.76 NODE_625_length_50664_cov_72.003532_1 # 170 # 1318 # 1 # ID=266_1;partial=00;start_type=TTG;rbs_motif=GGAGG;rbs_spacer=5-10bp;gc_cont=0.533
NODE_625_length_50664_cov_72.003532:170-1318|+     -            383 52769                -            483   2.3e-05   21.9   0.0   2   2     0.041        54    0.9   0.0   454   481   346   373   329   375 0.86 NODE_625_length_50664_cov_72.003532_1 # 170 # 1318 # 1 # ID=266_1;partial=00;start_type=TTG;rbs_motif=GGAGG;rbs_spacer=5-10bp;gc_cont=0.533
NODE_926_length_95421_cov_71.123581:92764-94341|+  -            526 52769                -            483   0.00011   19.7   0.1   1   2   4.1e-07   0.00055   17.4   0.0   310   364    50   104    25   126 0.81 NODE_926_length_95421_cov_71.123581_81 # 92764 # 94341 # 1 # ID=386_81;partial=00;start_type=ATG;rbs_motif=GGA/GAG/AGG;rbs_spacer=5-10bp;gc_cont=0.546
NODE_926_length_95421_cov_71.123581:92764-94341|+  -            526 52769                -            483   0.00011   19.7   0.1   2   2      0.12   1.6e+02   -0.7   0.0   450   466   170   186   155   201 0.73 NODE_926_length_95421_cov_71.123581_81 # 92764 # 94341 # 1 # ID=386_81;partial=00;start_type=ATG;rbs_motif=GGA/GAG/AGG;rbs_spacer=5-10bp;gc_cont=0.546
NODE_2132_length_53289_cov_67.616959:42489-43253|+ -            255 52769                -            483   0.00022   18.7   0.0   1   2   0.00027      0.36    8.1   0.0   330   364    98   132    94   151 0.82 NODE_2132_length_53289_cov_67.616959_42 # 42489 # 43253 # 1 # ID=1067_42;partial=00;start_type=ATG;rbs_motif=GGA/GAG/AGG;rbs_spacer=5-10bp;gc_cont=0.528
NODE_2132_length_53289_cov_67.616959:42489-43253|+ -            255 52769                -            483   0.00022   18.7   0.0   2   2   0.00018      0.24    8.7   0.0   451   482   212   244   192   245 0.78 NODE_2132_length_53289_cov_67.616959_42 # 42489 # 43253 # 1 # ID=1067_42;partial=00;start_type=ATG;rbs_motif=GGA/GAG/AGG;rbs_spacer=5-10bp;gc_cont=0.528
#
# Program:         hmmsearch
# Version:         3.4 (Aug 2023)
# Pipeline mode:   SEARCH
# Query file:      /home/simonedassisi/velvet-1.2.10/busco_downloads/lineages/archaea_odb12/hmms/52769at2157.hmm
# Target file:     results/BUSCO_output_velveth21/prodigal_output/predicted_genes/predicted.faa
# Option settings: hmmsearch --domtblout results/BUSCO_output_velveth21/auto_lineage/run_archaea_odb12/hmmer_output/52769at2157.out --cpu 1 /home/simonedassisi/velvet-1.2.10/busco_downloads/lineages/archaea_odb12/hmms/52769at2157.hmm results/BUSCO_output_velveth21/prodigal_output/predicted_genes/predicted.faa 
# Current dir:     /home/simonedassisi/velvet-1.2.10
# Date:            Wed Apr  2 19:18:18 2025
# [ok]
