#                                                                                                        --- full sequence --- -------------- this domain -------------   hmm coord   ali coord   env coord
# target name                                    accession   tlen query name           accession   qlen   E-value  score  bias   #  of  c-Evalue  i-Evalue  score  bias  from    to  from    to  from    to  acc description of target
#                            ------------------- ---------- ----- -------------------- ---------- ----- --------- ------ ----- --- --- --------- --------- ------ ----- ----- ----- ----- ----- ----- ----- ---- ---------------------
NODE_29_length_69919_cov_43.020805:17560-18510|- -            317 9776390              -            219   6.3e-63  210.5   0.6   1   2   4.7e-50     6e-47  158.3   0.0     2   151    10   181     9   188 0.81 NODE_29_length_69919_cov_43.020805_20 # 17560 # 18510 # -1 # ID=29_20;partial=00;start_type=ATG;rbs_motif=None;rbs_spacer=None;gc_cont=0.534
NODE_29_length_69919_cov_43.020805:17560-18510|- -            317 9776390              -            219   6.3e-63  210.5   0.6   2   2   1.7e-16   2.2e-13   48.5   0.3   150   216   206   289   197   292 0.78 NODE_29_length_69919_cov_43.020805_20 # 17560 # 18510 # -1 # ID=29_20;partial=00;start_type=ATG;rbs_motif=None;rbs_spacer=None;gc_cont=0.534
NODE_17_length_86457_cov_41.702653:5783-7114|+   -            444 9776390              -            219    0.0048   14.7   1.1   1   2   5.1e-06    0.0064   14.3   0.1     3    28    51    76    49    81 0.89 NODE_17_length_86457_cov_41.702653_7 # 5783 # 7114 # 1 # ID=17_7;partial=00;start_type=ATG;rbs_motif=AGGA;rbs_spacer=5-10bp;gc_cont=0.524
NODE_17_length_86457_cov_41.702653:5783-7114|+   -            444 9776390              -            219    0.0048   14.7   1.1   2   2       0.9   1.1e+03   -2.9   0.2   114   150   200   236   193   250 0.65 NODE_17_length_86457_cov_41.702653_7 # 5783 # 7114 # 1 # ID=17_7;partial=00;start_type=ATG;rbs_motif=AGGA;rbs_spacer=5-10bp;gc_cont=0.524
NODE_23_length_80065_cov_37.437114:22462-24738|- -            759 9776390              -            219    0.0091   13.8   0.2   1   2     0.011        14    3.4   0.0     6    37   211   243   206   251 0.79 NODE_23_length_80065_cov_37.437114_17 # 22462 # 24738 # -1 # ID=23_17;partial=00;start_type=ATG;rbs_motif=GGAGG;rbs_spacer=5-10bp;gc_cont=0.531
NODE_23_length_80065_cov_37.437114:22462-24738|- -            759 9776390              -            219    0.0091   13.8   0.2   2   2    0.0005      0.63    7.8   0.1     6    24   492   510   489   515 0.87 NODE_23_length_80065_cov_37.437114_17 # 22462 # 24738 # -1 # ID=23_17;partial=00;start_type=ATG;rbs_motif=GGAGG;rbs_spacer=5-10bp;gc_cont=0.531
NODE_19_length_85129_cov_38.767276:18158-19432|- -            425 9776390              -            219     0.015   13.1   0.0   1   1   2.5e-05     0.032   12.0   0.0     4    26   114   136   111   139 0.87 NODE_19_length_85129_cov_38.767276_18 # 18158 # 19432 # -1 # ID=19_18;partial=00;start_type=ATG;rbs_motif=GGAG/GAGG;rbs_spacer=5-10bp;gc_cont=0.518
#
# Program:         hmmsearch
# Version:         3.4 (Aug 2023)
# Pipeline mode:   SEARCH
# Query file:      /home/simonedassisi/busco_downloads/lineages/bacteria_odb12/hmms/9776390at2.hmm
# Target file:     home/simonedassisi/Desktop/BUSCO_output/prodigal_output/predicted_genes/predicted.faa
# Option settings: hmmsearch --domtblout home/simonedassisi/Desktop/BUSCO_output/auto_lineage/run_bacteria_odb12/hmmer_output/9776390at2.out --cpu 1 /home/simonedassisi/busco_downloads/lineages/bacteria_odb12/hmms/9776390at2.hmm home/simonedassisi/Desktop/BUSCO_output/prodigal_output/predicted_genes/predicted.faa 
# Current dir:     /home/simonedassisi
# Date:            Tue Apr  1 14:23:26 2025
# [ok]
