#                                                                                                          --- full sequence --- -------------- this domain -------------   hmm coord   ali coord   env coord
# target name                                      accession   tlen query name           accession   qlen   E-value  score  bias   #  of  c-Evalue  i-Evalue  score  bias  from    to  from    to  from    to  acc description of target
#                              ------------------- ---------- ----- -------------------- ---------- ----- --------- ------ ----- --- --- --------- --------- ------ ----- ----- ----- ----- ----- ----- ----- ---- ---------------------
NODE_2_length_157429_cov_38.171358:36596-38113|+   -            506 9801213              -            449  2.7e-166  551.7   0.0   1   1  4.7e-169    4e-166  551.1   0.0     7   442     1   475     1   481 0.90 NODE_2_length_157429_cov_38.171358_35 # 36596 # 38113 # 1 # ID=2_35;partial=00;start_type=ATG;rbs_motif=GGAG/GAGG;rbs_spacer=5-10bp;gc_cont=0.528
NODE_46_length_34184_cov_43.893884:4322-6151|-     -            610 9801213              -            449   1.3e-34  117.6   0.0   1   1   2.1e-37   1.8e-34  117.2   0.0     7   221     1   218     1   228 0.87 NODE_46_length_34184_cov_43.893884_5 # 4322 # 6151 # -1 # ID=46_5;partial=00;start_type=ATG;rbs_motif=GGA/GAG/AGG;rbs_spacer=5-10bp;gc_cont=0.538
NODE_10_length_119716_cov_38.250842:29022-30686|+  -            555 9801213              -            449   1.4e-19   68.1   0.0   1   2    0.0021       1.8    5.1   0.0     7    55     1    54     1    57 0.69 NODE_10_length_119716_cov_38.250842_25 # 29022 # 30686 # 1 # ID=10_25;partial=00;start_type=ATG;rbs_motif=GGAG/GAGG;rbs_spacer=5-10bp;gc_cont=0.523
NODE_10_length_119716_cov_38.250842:29022-30686|+  -            555 9801213              -            449   1.4e-19   68.1   0.0   2   2   3.3e-21   2.8e-18   63.8   0.0    70   227    43   191    40   199 0.88 NODE_10_length_119716_cov_38.250842_25 # 29022 # 30686 # 1 # ID=10_25;partial=00;start_type=ATG;rbs_motif=GGAG/GAGG;rbs_spacer=5-10bp;gc_cont=0.523
NODE_5_length_138947_cov_37.421618:29546-30313|+   -            256 9801213              -            449   0.00046   16.9   0.0   1   1   7.2e-07    0.0006   16.5   0.0    68   119    70   122    45   157 0.82 NODE_5_length_138947_cov_37.421618_25 # 29546 # 30313 # 1 # ID=5_25;partial=00;start_type=ATG;rbs_motif=GGAGG;rbs_spacer=5-10bp;gc_cont=0.534
NODE_1_length_276430_cov_40.515391:201901-202584|- -            228 9801213              -            449   0.00075   16.2   0.1   1   1   1.1e-06   0.00095   15.9   0.1   329   366   183   220   150   225 0.83 NODE_1_length_276430_cov_40.515391_177 # 201901 # 202584 # -1 # ID=1_177;partial=00;start_type=ATG;rbs_motif=AGGA;rbs_spacer=5-10bp;gc_cont=0.551
NODE_53_length_29778_cov_36.323025:4371-5384|-     -            338 9801213              -            449   0.00089   16.0   0.0   1   1   1.5e-06    0.0013   15.5   0.0   329   369   231   271   213   280 0.81 NODE_53_length_29778_cov_36.323025_5 # 4371 # 5384 # -1 # ID=53_5;partial=00;start_type=ATG;rbs_motif=GGA/GAG/AGG;rbs_spacer=5-10bp;gc_cont=0.529
#
# Program:         hmmsearch
# Version:         3.4 (Aug 2023)
# Pipeline mode:   SEARCH
# Query file:      /home/simonedassisi/busco_downloads/lineages/bacteria_odb12/hmms/9801213at2.hmm
# Target file:     home/simonedassisi/Desktop/BUSCO_output/prodigal_output/predicted_genes/predicted.faa
# Option settings: hmmsearch --domtblout home/simonedassisi/Desktop/BUSCO_output/auto_lineage/run_bacteria_odb12/hmmer_output/9801213at2.out --cpu 1 /home/simonedassisi/busco_downloads/lineages/bacteria_odb12/hmms/9801213at2.hmm home/simonedassisi/Desktop/BUSCO_output/prodigal_output/predicted_genes/predicted.faa 
# Current dir:     /home/simonedassisi
# Date:            Tue Apr  1 14:23:26 2025
# [ok]
