#                                                                                                        --- full sequence --- -------------- this domain -------------   hmm coord   ali coord   env coord
# target name                                    accession   tlen query name           accession   qlen   E-value  score  bias   #  of  c-Evalue  i-Evalue  score  bias  from    to  from    to  from    to  acc description of target
#                            ------------------- ---------- ----- -------------------- ---------- ----- --------- ------ ----- --- --- --------- --------- ------ ----- ----- ----- ----- ----- ----- ----- ---- ---------------------
NODE_6_length_131096_cov_36.333598:16644-18476|+ -            611 9804933              -            584  1.4e-211  702.4   0.0   1   1    2e-214  1.7e-211  702.2   0.0     3   581     3   609     1   610 0.91 NODE_6_length_131096_cov_36.333598_19 # 16644 # 18476 # 1 # ID=6_19;partial=00;start_type=GTG;rbs_motif=4Base/6BMM;rbs_spacer=13-15bp;gc_cont=0.516
NODE_38_length_48580_cov_35.344705:45135-46022|- -            296 9804933              -            584   7.1e-33  112.3   0.0   1   1   1.1e-35   9.6e-33  111.9   0.0     4   193    21   208    19   215 0.88 NODE_38_length_48580_cov_35.344705_45 # 45135 # 46022 # -1 # ID=38_45;partial=00;start_type=GTG;rbs_motif=GGAG/GAGG;rbs_spacer=5-10bp;gc_cont=0.517
NODE_13_length_92664_cov_37.475885:37253-39268|+ -            672 9804933              -            584   8.1e-07   26.3   0.1   1   2      0.11        95   -0.3   0.0   529   582   447   502   433   504 0.79 NODE_13_length_92664_cov_37.475885_42 # 37253 # 39268 # 1 # ID=13_42;partial=00;start_type=ATG;rbs_motif=None;rbs_spacer=None;gc_cont=0.541
NODE_13_length_92664_cov_37.475885:37253-39268|+ -            672 9804933              -            584   8.1e-07   26.3   0.1   2   2   4.7e-09   3.9e-06   24.0   0.0   532   583   516   567   509   568 0.95 NODE_13_length_92664_cov_37.475885_42 # 37253 # 39268 # 1 # ID=13_42;partial=00;start_type=ATG;rbs_motif=None;rbs_spacer=None;gc_cont=0.541
NODE_72_length_16341_cov_36.526767:8504-10525|+  -            674 9804933              -            584   1.2e-05   22.5   0.7   1   1   3.4e-08   2.9e-05   21.2   0.7   203   237   633   667   626   670 0.91 NODE_72_length_16341_cov_36.526767_10 # 8504 # 10525 # 1 # ID=72_10;partial=00;start_type=ATG;rbs_motif=GGA/GAG/AGG;rbs_spacer=5-10bp;gc_cont=0.533
NODE_6_length_131096_cov_36.333598:64598-65209|+ -            204 9804933              -            584     0.021   11.7   0.0   1   1   3.3e-05     0.028   11.3   0.0   520   580    65   128    60   131 0.83 NODE_6_length_131096_cov_36.333598_65 # 64598 # 65209 # 1 # ID=6_65;partial=00;start_type=GTG;rbs_motif=AGGAG;rbs_spacer=5-10bp;gc_cont=0.533
NODE_62_length_24769_cov_35.270392:3016-3399|+   -            128 9804933              -            584     0.037   10.9   0.0   1   1     5e-05     0.042   10.7   0.0   492   513   105   126    83   127 0.87 NODE_62_length_24769_cov_35.270392_4 # 3016 # 3399 # 1 # ID=62_4;partial=00;start_type=ATG;rbs_motif=GGxGG;rbs_spacer=5-10bp;gc_cont=0.539
#
# Program:         hmmsearch
# Version:         3.4 (Aug 2023)
# Pipeline mode:   SEARCH
# Query file:      /home/simonedassisi/busco_downloads/lineages/bacteria_odb12/hmms/9804933at2.hmm
# Target file:     home/simonedassisi/Desktop/BUSCO_output/prodigal_output/predicted_genes/predicted.faa
# Option settings: hmmsearch --domtblout home/simonedassisi/Desktop/BUSCO_output/auto_lineage/run_bacteria_odb12/hmmer_output/9804933at2.out --cpu 1 /home/simonedassisi/busco_downloads/lineages/bacteria_odb12/hmms/9804933at2.hmm home/simonedassisi/Desktop/BUSCO_output/prodigal_output/predicted_genes/predicted.faa 
# Current dir:     /home/simonedassisi
# Date:            Tue Apr  1 14:23:27 2025
# [ok]
