#                                                                                                         --- full sequence --- -------------- this domain -------------   hmm coord   ali coord   env coord
# target name                                     accession   tlen query name           accession   qlen   E-value  score  bias   #  of  c-Evalue  i-Evalue  score  bias  from    to  from    to  from    to  acc description of target
#                             ------------------- ---------- ----- -------------------- ---------- ----- --------- ------ ----- --- --- --------- --------- ------ ----- ----- ----- ----- ----- ----- ----- ---- ---------------------
NODE_8_length_126545_cov_41.885285:98996-100483|+ -            496 9807233              -            318  6.3e-112  371.8  11.7   1   1  6.7e-115  1.7e-111  370.4  11.7     1   315     1   345     1   348 0.89 NODE_8_length_126545_cov_41.885285_95 # 98996 # 100483 # 1 # ID=8_95;partial=00;start_type=ATG;rbs_motif=4Base/6BMM;rbs_spacer=13-15bp;gc_cont=0.528
NODE_36_length_50779_cov_38.268459:34740-36413|-  -            558 9807233              -            318   0.00095   16.4   5.7   1   6   5.3e-05      0.13    9.3   0.0   105   171    12    87     7   100 0.76 NODE_36_length_50779_cov_38.268459_28 # 34740 # 36413 # -1 # ID=36_28;partial=00;start_type=ATG;rbs_motif=None;rbs_spacer=None;gc_cont=0.512
NODE_36_length_50779_cov_38.268459:34740-36413|-  -            558 9807233              -            318   0.00095   16.4   5.7   2   6     0.045   1.1e+02   -0.3   0.1   147   171   147   171    62   175 0.74 NODE_36_length_50779_cov_38.268459_28 # 34740 # 36413 # -1 # ID=36_28;partial=00;start_type=ATG;rbs_motif=None;rbs_spacer=None;gc_cont=0.512
NODE_36_length_50779_cov_38.268459:34740-36413|-  -            558 9807233              -            318   0.00095   16.4   5.7   3   6     0.067   1.7e+02   -0.9   0.2   137   166   226   255   159   259 0.54 NODE_36_length_50779_cov_38.268459_28 # 34740 # 36413 # -1 # ID=36_28;partial=00;start_type=ATG;rbs_motif=None;rbs_spacer=None;gc_cont=0.512
NODE_36_length_50779_cov_38.268459:34740-36413|-  -            558 9807233              -            318   0.00095   16.4   5.7   4   6      0.01        26    1.8   0.0   136   168   312   344   291   383 0.72 NODE_36_length_50779_cov_38.268459_28 # 34740 # 36413 # -1 # ID=36_28;partial=00;start_type=ATG;rbs_motif=None;rbs_spacer=None;gc_cont=0.512
NODE_36_length_50779_cov_38.268459:34740-36413|-  -            558 9807233              -            318   0.00095   16.4   5.7   5   6    0.0048        12    2.9   0.0   145   168   408   431   395   437 0.89 NODE_36_length_50779_cov_38.268459_28 # 34740 # 36413 # -1 # ID=36_28;partial=00;start_type=ATG;rbs_motif=None;rbs_spacer=None;gc_cont=0.512
NODE_36_length_50779_cov_38.268459:34740-36413|-  -            558 9807233              -            318   0.00095   16.4   5.7   6   6    0.0075        19    2.3   0.1   146   168   409   431   408   523 0.90 NODE_36_length_50779_cov_38.268459_28 # 34740 # 36413 # -1 # ID=36_28;partial=00;start_type=ATG;rbs_motif=None;rbs_spacer=None;gc_cont=0.512
#
# Program:         hmmsearch
# Version:         3.4 (Aug 2023)
# Pipeline mode:   SEARCH
# Query file:      /home/simonedassisi/busco_downloads/lineages/bacteria_odb12/hmms/9807233at2.hmm
# Target file:     home/simonedassisi/Desktop/BUSCO_output/prodigal_output/predicted_genes/predicted.faa
# Option settings: hmmsearch --domtblout home/simonedassisi/Desktop/BUSCO_output/auto_lineage/run_bacteria_odb12/hmmer_output/9807233at2.out --cpu 1 /home/simonedassisi/busco_downloads/lineages/bacteria_odb12/hmms/9807233at2.hmm home/simonedassisi/Desktop/BUSCO_output/prodigal_output/predicted_genes/predicted.faa 
# Current dir:     /home/simonedassisi
# Date:            Tue Apr  1 14:23:28 2025
# [ok]
