#                                                                                                         --- full sequence --- -------------- this domain -------------   hmm coord   ali coord   env coord
# target name                                     accession   tlen query name           accession   qlen   E-value  score  bias   #  of  c-Evalue  i-Evalue  score  bias  from    to  from    to  from    to  acc description of target
#                             ------------------- ---------- ----- -------------------- ---------- ----- --------- ------ ----- --- --- --------- --------- ------ ----- ----- ----- ----- ----- ----- ----- ---- ---------------------
NODE_1677_length_30732_cov_80.654755:1932-3221|+  -            430 146558               -            434  1.3e-119  397.9   0.0   1   1  1.4e-122  1.5e-119  397.7   0.0     2   422     1   426     1   429 0.92 NODE_1677_length_30732_cov_80.654755_2 # 1932 # 3221 # 1 # ID=765_2;partial=00;start_type=ATG;rbs_motif=GGAG/GAGG;rbs_spacer=5-10bp;gc_cont=0.581
NODE_625_length_50664_cov_72.003532:1336-4557|+   -           1074 146558               -            434     1e-11   42.4   2.9   1   2   3.3e-05     0.035   11.0   0.0    25   203    41   226    31   238 0.76 NODE_625_length_50664_cov_72.003532_2 # 1336 # 4557 # 1 # ID=266_2;partial=00;start_type=ATG;rbs_motif=AGGAG;rbs_spacer=5-10bp;gc_cont=0.562
NODE_625_length_50664_cov_72.003532:1336-4557|+   -           1074 146558               -            434     1e-11   42.4   2.9   2   2     3e-10   3.2e-07   27.6   1.0    47   290   615   846   585   851 0.80 NODE_625_length_50664_cov_72.003532_2 # 1336 # 4557 # 1 # ID=266_2;partial=00;start_type=ATG;rbs_motif=AGGAG;rbs_spacer=5-10bp;gc_cont=0.562
NODE_718_length_90501_cov_69.003258:64061-65239|- -            393 146558               -            434   1.1e-08   32.3   0.5   1   2   2.9e-11     3e-08   30.9   0.1     3   198    14   209    12   224 0.82 NODE_718_length_90501_cov_69.003258_62 # 64061 # 65239 # -1 # ID=299_62;partial=00;start_type=ATG;rbs_motif=GGA/GAG/AGG;rbs_spacer=5-10bp;gc_cont=0.539
NODE_718_length_90501_cov_69.003258:64061-65239|- -            393 146558               -            434   1.1e-08   32.3   0.5   2   2      0.18   1.9e+02   -1.3   0.1   375   404   358   388   354   391 0.83 NODE_718_length_90501_cov_69.003258_62 # 64061 # 65239 # -1 # ID=299_62;partial=00;start_type=ATG;rbs_motif=GGA/GAG/AGG;rbs_spacer=5-10bp;gc_cont=0.539
NODE_2145_length_112275_cov_77.552353:2515-3864|- -            450 146558               -            434     3e-07   27.6   0.0   1   1   4.6e-10   4.9e-07   26.9   0.0    80   178    89   189    61   231 0.80 NODE_2145_length_112275_cov_77.552353_4 # 2515 # 3864 # -1 # ID=1072_4;partial=00;start_type=ATG;rbs_motif=GGAG/GAGG;rbs_spacer=5-10bp;gc_cont=0.536
NODE_592_length_39318_cov_75.666641:958-1878|+    -            307 146558               -            434   0.00071   16.5   0.0   1   1     9e-07   0.00095   16.1   0.0   131   200   128   195    70   221 0.64 NODE_592_length_39318_cov_75.666641_2 # 958 # 1878 # 1 # ID=257_2;partial=00;start_type=ATG;rbs_motif=GGAGG;rbs_spacer=5-10bp;gc_cont=0.516
#
# Program:         hmmsearch
# Version:         3.4 (Aug 2023)
# Pipeline mode:   SEARCH
# Query file:      /home/simonedassisi/velvet-1.2.10/busco_downloads/lineages/archaea_odb12/hmms/146558at2157.hmm
# Target file:     results/BUSCO_output_velveth21/prodigal_output/predicted_genes/predicted.faa
# Option settings: hmmsearch --domtblout results/BUSCO_output_velveth21/auto_lineage/run_archaea_odb12/hmmer_output/146558at2157.out --cpu 1 /home/simonedassisi/velvet-1.2.10/busco_downloads/lineages/archaea_odb12/hmms/146558at2157.hmm results/BUSCO_output_velveth21/prodigal_output/predicted_genes/predicted.faa 
# Current dir:     /home/simonedassisi/velvet-1.2.10
# Date:            Wed Apr  2 19:18:16 2025
# [ok]
