#                                                                                                          --- full sequence --- -------------- this domain -------------   hmm coord   ali coord   env coord
# target name                                      accession   tlen query name           accession   qlen   E-value  score  bias   #  of  c-Evalue  i-Evalue  score  bias  from    to  from    to  from    to  acc description of target
#                              ------------------- ---------- ----- -------------------- ---------- ----- --------- ------ ----- --- --- --------- --------- ------ ----- ----- ----- ----- ----- ----- ----- ---- ---------------------
NODE_165_length_7679_cov_64.909882:5802-6578|-     -            259 371836               -            142     0.013   13.4   0.2   1   1   7.1e-05      0.13   10.2   0.2    86   116    40    70     7    85 0.85 NODE_165_length_7679_cov_64.909882_11 # 5802 # 6578 # -1 # ID=35_11;partial=00;start_type=ATG;rbs_motif=GGAG/GAGG;rbs_spacer=5-10bp;gc_cont=0.503
NODE_1170_length_26855_cov_70.355133:21500-22246|+ -            249 371836               -            142      0.03   12.2   0.2   1   2      0.43   7.5e+02   -2.0   0.0    11    37     7    33     4    39 0.72 NODE_1170_length_26855_cov_70.355133_19 # 21500 # 22246 # 1 # ID=497_19;partial=00;start_type=ATG;rbs_motif=AGGA;rbs_spacer=5-10bp;gc_cont=0.514
NODE_1170_length_26855_cov_70.355133:21500-22246|+ -            249 371836               -            142      0.03   12.2   0.2   2   2   4.8e-05     0.084   10.8   0.1    86   113    55    82    31    88 0.85 NODE_1170_length_26855_cov_70.355133_19 # 21500 # 22246 # 1 # ID=497_19;partial=00;start_type=ATG;rbs_motif=AGGA;rbs_spacer=5-10bp;gc_cont=0.514
NODE_1468_length_3370_cov_75.907417:2486-3238|-    -            251 371836               -            142      0.04   11.8   0.5   1   3     0.038        67    1.4   0.0     1    32     1    33     1    45 0.73 NODE_1468_length_3370_cov_75.907417_4 # 2486 # 3238 # -1 # ID=644_4;partial=00;start_type=ATG;rbs_motif=GGA/GAG/AGG;rbs_spacer=5-10bp;gc_cont=0.409
NODE_1468_length_3370_cov_75.907417:2486-3238|-    -            251 371836               -            142      0.04   11.8   0.5   2   3   0.00028      0.49    8.3   0.1    86   114    44    72    32    96 0.86 NODE_1468_length_3370_cov_75.907417_4 # 2486 # 3238 # -1 # ID=644_4;partial=00;start_type=ATG;rbs_motif=GGA/GAG/AGG;rbs_spacer=5-10bp;gc_cont=0.409
NODE_1468_length_3370_cov_75.907417:2486-3238|-    -            251 371836               -            142      0.04   11.8   0.5   3   3       0.5   8.7e+02   -2.2   0.0   113   137   191   215   175   219 0.70 NODE_1468_length_3370_cov_75.907417_4 # 2486 # 3238 # -1 # ID=644_4;partial=00;start_type=ATG;rbs_motif=GGA/GAG/AGG;rbs_spacer=5-10bp;gc_cont=0.409
#
# Program:         hmmsearch
# Version:         3.4 (Aug 2023)
# Pipeline mode:   SEARCH
# Query file:      /home/simonedassisi/velvet-1.2.10/busco_downloads/lineages/archaea_odb12/hmms/371836at2157.hmm
# Target file:     results/BUSCO_output_velveth21/prodigal_output/predicted_genes/predicted.faa
# Option settings: hmmsearch --domtblout results/BUSCO_output_velveth21/auto_lineage/run_archaea_odb12/hmmer_output/371836at2157.out --cpu 1 /home/simonedassisi/velvet-1.2.10/busco_downloads/lineages/archaea_odb12/hmms/371836at2157.hmm results/BUSCO_output_velveth21/prodigal_output/predicted_genes/predicted.faa 
# Current dir:     /home/simonedassisi/velvet-1.2.10
# Date:            Wed Apr  2 19:18:17 2025
# [ok]
