#                                                                                                          --- full sequence --- -------------- this domain -------------   hmm coord   ali coord   env coord
# target name                                      accession   tlen query name           accession   qlen   E-value  score  bias   #  of  c-Evalue  i-Evalue  score  bias  from    to  from    to  from    to  acc description of target
#                              ------------------- ---------- ----- -------------------- ---------- ----- --------- ------ ----- --- --- --------- --------- ------ ----- ----- ----- ----- ----- ----- ----- ---- ---------------------
NODE_286_length_41180_cov_81.233269:39345-40163|+  -            273 1556                 -            270  1.6e-149  494.7   0.0   1   1  1.7e-152  1.8e-149  494.5   0.0     1   270     1   270     1   270 1.00 NODE_286_length_41180_cov_81.233269_59 # 39345 # 40163 # 1 # ID=82_59;partial=00;start_type=ATG;rbs_motif=GGA/GAG/AGG;rbs_spacer=5-10bp;gc_cont=0.481
NODE_2204_length_7053_cov_81.559052:4019-4885|-    -            289 1556                 -            270   2.1e-29  100.8   0.0   1   1   2.6e-32   2.8e-29  100.4   0.0     7   255    13   273     5   284 0.85 NODE_2204_length_7053_cov_81.559052_5 # 4019 # 4885 # -1 # ID=1098_5;partial=00;start_type=ATG;rbs_motif=AGGAG;rbs_spacer=5-10bp;gc_cont=0.473
NODE_286_length_41180_cov_81.233269:32290-33666|-  -            459 1556                 -            270   3.4e-05   21.4   0.5   1   2     0.021        22    2.4   0.0   121   195     2    80     1    96 0.72 NODE_286_length_41180_cov_81.233269_50 # 32290 # 33666 # -1 # ID=82_50;partial=00;start_type=ATG;rbs_motif=None;rbs_spacer=None;gc_cont=0.503
NODE_286_length_41180_cov_81.233269:32290-33666|-  -            459 1556                 -            270   3.4e-05   21.4   0.5   2   2   6.5e-07   0.00069   17.1   0.1   106   166   221   278   214   324 0.75 NODE_286_length_41180_cov_81.233269_50 # 32290 # 33666 # -1 # ID=82_50;partial=00;start_type=ATG;rbs_motif=None;rbs_spacer=None;gc_cont=0.503
NODE_482_length_21709_cov_69.527618:13427-14683|-  -            419 1556                 -            270   0.00018   19.1   0.2   1   1   3.7e-07   0.00039   18.0   0.2   120   192   183   254   171   267 0.80 NODE_482_length_21709_cov_69.527618_16 # 13427 # 14683 # -1 # ID=196_16;partial=00;start_type=ATG;rbs_motif=None;rbs_spacer=None;gc_cont=0.542
NODE_1792_length_20317_cov_75.392525:16715-17734|- -            340 1556                 -            270    0.0018   15.8   0.0   1   1   2.5e-06    0.0026   15.2   0.0   114   191   164   242   153   247 0.77 NODE_1792_length_20317_cov_75.392525_15 # 16715 # 17734 # -1 # ID=834_15;partial=00;start_type=ATG;rbs_motif=AGGA;rbs_spacer=5-10bp;gc_cont=0.552
#
# Program:         hmmsearch
# Version:         3.4 (Aug 2023)
# Pipeline mode:   SEARCH
# Query file:      /home/simonedassisi/velvet-1.2.10/busco_downloads/lineages/enterobacteriaceae_odb12/hmms/1556at543.hmm
# Target file:     results/BUSCO_output_velveth21/prodigal_output/predicted_genes/predicted.faa
# Option settings: hmmsearch --domtblout results/BUSCO_output_velveth21/run_enterobacteriaceae_odb12/hmmer_output/1556at543.out --cpu 1 /home/simonedassisi/velvet-1.2.10/busco_downloads/lineages/enterobacteriaceae_odb12/hmms/1556at543.hmm results/BUSCO_output_velveth21/prodigal_output/predicted_genes/predicted.faa 
# Current dir:     /home/simonedassisi/velvet-1.2.10
# Date:            Wed Apr  2 19:23:55 2025
# [ok]
