#                                                                                                          --- full sequence --- -------------- this domain -------------   hmm coord   ali coord   env coord
# target name                                      accession   tlen query name           accession   qlen   E-value  score  bias   #  of  c-Evalue  i-Evalue  score  bias  from    to  from    to  from    to  acc description of target
#                              ------------------- ---------- ----- -------------------- ---------- ----- --------- ------ ----- --- --- --------- --------- ------ ----- ----- ----- ----- ----- ----- ----- ---- ---------------------
NODE_2132_length_53289_cov_67.616959:20699-21463|+ -            255 1703                 -            238  1.4e-125  416.0  17.3   1   1  1.2e-128  1.6e-125  415.8  17.3     1   237     1   237     1   238 0.99 NODE_2132_length_53289_cov_67.616959_21 # 20699 # 21463 # 1 # ID=1067_21;partial=00;start_type=ATG;rbs_motif=AGGAG;rbs_spacer=5-10bp;gc_cont=0.505
NODE_1278_length_17409_cov_70.572289:9050-9646|-   -            199 1703                 -            238   8.1e-06   23.9   7.7   1   2     0.036        48    1.7   1.4    54   107    34    85    19    91 0.68 NODE_1278_length_17409_cov_70.572289_9 # 9050 # 9646 # -1 # ID=555_9;partial=00;start_type=ATG;rbs_motif=GGA/GAG/AGG;rbs_spacer=3-4bp;gc_cont=0.514
NODE_1278_length_17409_cov_70.572289:9050-9646|-   -            199 1703                 -            238   8.1e-06   23.9   7.7   2   2   6.1e-09   8.1e-06   23.9   7.7   155   231    97   169    90   176 0.70 NODE_1278_length_17409_cov_70.572289_9 # 9050 # 9646 # -1 # ID=555_9;partial=00;start_type=ATG;rbs_motif=GGA/GAG/AGG;rbs_spacer=3-4bp;gc_cont=0.514
NODE_1044_length_78232_cov_76.088036:2427-3761|+   -            445 1703                 -            238     0.011   13.6   4.8   1   1   1.8e-05     0.024   12.6   4.8     5    66   144   201   141   213 0.83 NODE_1044_length_78232_cov_76.088036_2 # 2427 # 3761 # 1 # ID=438_2;partial=00;start_type=ATG;rbs_motif=AGGAG;rbs_spacer=5-10bp;gc_cont=0.496
NODE_1189_length_7040_cov_67.653976:6451-7059|-    -            203 1703                 -            238       2.8    5.8  11.9   1   2      0.06        80    1.0   0.6    54    96    36    78    13    87 0.77 NODE_1189_length_7040_cov_67.653976_6 # 6451 # 7059 # -1 # ID=508_6;partial=01;start_type=Edge;rbs_motif=None;rbs_spacer=None;gc_cont=0.448
NODE_1189_length_7040_cov_67.653976:6451-7059|-    -            203 1703                 -            238       2.8    5.8  11.9   2   2   0.00019      0.25    9.2   4.8   158   222   110   170    86   185 0.62 NODE_1189_length_7040_cov_67.653976_6 # 6451 # 7059 # -1 # ID=508_6;partial=01;start_type=Edge;rbs_motif=None;rbs_spacer=None;gc_cont=0.448
#
# Program:         hmmsearch
# Version:         3.4 (Aug 2023)
# Pipeline mode:   SEARCH
# Query file:      /home/simonedassisi/velvet-1.2.10/busco_downloads/lineages/enterobacteriaceae_odb12/hmms/1703at543.hmm
# Target file:     results/BUSCO_output_velveth21/prodigal_output/predicted_genes/predicted.faa
# Option settings: hmmsearch --domtblout results/BUSCO_output_velveth21/run_enterobacteriaceae_odb12/hmmer_output/1703at543.out --cpu 1 /home/simonedassisi/velvet-1.2.10/busco_downloads/lineages/enterobacteriaceae_odb12/hmms/1703at543.hmm results/BUSCO_output_velveth21/prodigal_output/predicted_genes/predicted.faa 
# Current dir:     /home/simonedassisi/velvet-1.2.10
# Date:            Wed Apr  2 19:23:56 2025
# [ok]
