#                                                                                                          --- full sequence --- -------------- this domain -------------   hmm coord   ali coord   env coord
# target name                                      accession   tlen query name           accession   qlen   E-value  score  bias   #  of  c-Evalue  i-Evalue  score  bias  from    to  from    to  from    to  acc description of target
#                              ------------------- ---------- ----- -------------------- ---------- ----- --------- ------ ----- --- --- --------- --------- ------ ----- ----- ----- ----- ----- ----- ----- ---- ---------------------
NODE_1570_length_36954_cov_78.025352:31609-34050|+ -            814 20358                -            813         0 1714.1   0.4   1   1         0         0 1713.9   0.4     1   812     1   812     1   813 1.00 NODE_1570_length_36954_cov_78.025352_31 # 31609 # 34050 # 1 # ID=708_31;partial=00;start_type=ATG;rbs_motif=GGAGG;rbs_spacer=5-10bp;gc_cont=0.552
NODE_2132_length_53289_cov_67.616959:28345-30279|- -            645 20358                -            813   1.3e-63  213.6   0.1   1   1   2.7e-65   3.5e-62  208.9   0.1    81   720    18   638     3   641 0.86 NODE_2132_length_53289_cov_67.616959_30 # 28345 # 30279 # -1 # ID=1067_30;partial=00;start_type=ATG;rbs_motif=None;rbs_spacer=None;gc_cont=0.532
NODE_2159_length_50550_cov_71.258598:34823-36307|- -            495 20358                -            813   6.3e-08   29.4   3.2   1   3    0.0038         5    3.3   0.0   642   677   190   223   156   239 0.89 NODE_2159_length_50550_cov_71.258598_28 # 34823 # 36307 # -1 # ID=1079_28;partial=00;start_type=ATG;rbs_motif=None;rbs_spacer=None;gc_cont=0.516
NODE_2159_length_50550_cov_71.258598:34823-36307|- -            495 20358                -            813   6.3e-08   29.4   3.2   2   3   6.1e-06     0.008   12.6   0.1   644   733   277   355   273   367 0.79 NODE_2159_length_50550_cov_71.258598_28 # 34823 # 36307 # -1 # ID=1079_28;partial=00;start_type=ATG;rbs_motif=None;rbs_spacer=None;gc_cont=0.516
NODE_2159_length_50550_cov_71.258598:34823-36307|- -            495 20358                -            813   6.3e-08   29.4   3.2   3   3   4.3e-06    0.0057   13.1   0.2   643   721   363   430   354   450 0.80 NODE_2159_length_50550_cov_71.258598_28 # 34823 # 36307 # -1 # ID=1079_28;partial=00;start_type=ATG;rbs_motif=None;rbs_spacer=None;gc_cont=0.516
NODE_1434_length_95894_cov_75.275742:13474-15795|+ -            774 20358                -            813   1.5e-06   24.9   0.0   1   1   1.9e-09   2.5e-06   24.2   0.0   642   745   649   740   635   772 0.73 NODE_1434_length_95894_cov_75.275742_12 # 13474 # 15795 # 1 # ID=631_12;partial=00;start_type=ATG;rbs_motif=None;rbs_spacer=None;gc_cont=0.570
#
# Program:         hmmsearch
# Version:         3.4 (Aug 2023)
# Pipeline mode:   SEARCH
# Query file:      /home/simonedassisi/velvet-1.2.10/busco_downloads/lineages/enterobacteriaceae_odb12/hmms/20358at543.hmm
# Target file:     results/BUSCO_output_velveth21/prodigal_output/predicted_genes/predicted.faa
# Option settings: hmmsearch --domtblout results/BUSCO_output_velveth21/run_enterobacteriaceae_odb12/hmmer_output/20358at543.out --cpu 1 /home/simonedassisi/velvet-1.2.10/busco_downloads/lineages/enterobacteriaceae_odb12/hmms/20358at543.hmm results/BUSCO_output_velveth21/prodigal_output/predicted_genes/predicted.faa 
# Current dir:     /home/simonedassisi/velvet-1.2.10
# Date:            Wed Apr  2 19:23:58 2025
# [ok]
