#                                                                                                          --- full sequence --- -------------- this domain -------------   hmm coord   ali coord   env coord
# target name                                      accession   tlen query name           accession   qlen   E-value  score  bias   #  of  c-Evalue  i-Evalue  score  bias  from    to  from    to  from    to  acc description of target
#                              ------------------- ---------- ----- -------------------- ---------- ----- --------- ------ ----- --- --- --------- --------- ------ ----- ----- ----- ----- ----- ----- ----- ---- ---------------------
NODE_700_length_25636_cov_68.720787:2222-3193|-    -            324 2385                 -            313  9.5e-190  627.5   2.0   1   1  1.4e-192  1.1e-189  627.3   2.0     1   313     1   321     1   321 0.96 NODE_700_length_25636_cov_68.720787_4 # 2222 # 3193 # -1 # ID=296_4;partial=00;start_type=GTG;rbs_motif=AGGAG;rbs_spacer=5-10bp;gc_cont=0.500
NODE_1550_length_27465_cov_72.496376:7160-7654|+   -            165 2385                 -            313   2.7e-62  208.8   2.3   1   1   4.1e-65   3.1e-62  208.6   2.3   154   311     1   158     1   160 0.99 NODE_1550_length_27465_cov_72.496376_9 # 7160 # 7654 # 1 # ID=699_9;partial=00;start_type=ATG;rbs_motif=AGGAG;rbs_spacer=5-10bp;gc_cont=0.457
NODE_1590_length_24637_cov_72.101517:11960-12433|- -            158 2385                 -            313   3.1e-34  116.6   0.4   1   1   4.5e-37   3.4e-34  116.5   0.4   155   309     3   156     1   157 0.93 NODE_1590_length_24637_cov_72.101517_14 # 11960 # 12433 # -1 # ID=719_14;partial=00;start_type=ATG;rbs_motif=GGAG/GAGG;rbs_spacer=5-10bp;gc_cont=0.511
NODE_1590_length_24637_cov_72.101517:5697-6173|-   -            159 2385                 -            313   7.5e-30  102.2   1.2   1   1   1.2e-32   8.7e-30  102.0   1.2   155   306     5   156     2   158 0.94 NODE_1590_length_24637_cov_72.101517_7 # 5697 # 6173 # -1 # ID=719_7;partial=00;start_type=ATG;rbs_motif=GGAG/GAGG;rbs_spacer=5-10bp;gc_cont=0.440
NODE_1590_length_24637_cov_72.101517:9850-10284|-  -            145 2385                 -            313   1.1e-21   75.4   0.0   1   1   1.6e-24   1.2e-21   75.2   0.0     3   130     2   128     1   140 0.94 NODE_1590_length_24637_cov_72.101517_11 # 9850 # 10284 # -1 # ID=719_11;partial=00;start_type=ATG;rbs_motif=GGAG/GAGG;rbs_spacer=5-10bp;gc_cont=0.540
NODE_1550_length_27465_cov_72.496376:6753-7160|+   -            136 2385                 -            313   1.1e-16   59.0   0.1   1   1   1.6e-19   1.2e-16   58.9   0.1     5   124     4   120     1   134 0.87 NODE_1550_length_27465_cov_72.496376_8 # 6753 # 7160 # 1 # ID=699_8;partial=00;start_type=ATG;rbs_motif=AGGAGG;rbs_spacer=3-4bp;gc_cont=0.522
NODE_567_length_10831_cov_86.072937:3269-3709|+    -            147 2385                 -            313   1.9e-13   48.3   0.0   1   1   2.9e-16   2.2e-13   48.2   0.0     6   135     5   133     1   142 0.94 NODE_567_length_10831_cov_86.072937_5 # 3269 # 3709 # 1 # ID=248_5;partial=00;start_type=ATG;rbs_motif=AGGAG;rbs_spacer=5-10bp;gc_cont=0.497
#
# Program:         hmmsearch
# Version:         3.4 (Aug 2023)
# Pipeline mode:   SEARCH
# Query file:      /home/simonedassisi/velvet-1.2.10/busco_downloads/lineages/enterobacteriaceae_odb12/hmms/2385at543.hmm
# Target file:     results/BUSCO_output_velveth21/prodigal_output/predicted_genes/predicted.faa
# Option settings: hmmsearch --domtblout results/BUSCO_output_velveth21/run_enterobacteriaceae_odb12/hmmer_output/2385at543.out --cpu 1 /home/simonedassisi/velvet-1.2.10/busco_downloads/lineages/enterobacteriaceae_odb12/hmms/2385at543.hmm results/BUSCO_output_velveth21/prodigal_output/predicted_genes/predicted.faa 
# Current dir:     /home/simonedassisi/velvet-1.2.10
# Date:            Wed Apr  2 19:23:59 2025
# [ok]
