#                                                                                                          --- full sequence --- -------------- this domain -------------   hmm coord   ali coord   env coord
# target name                                      accession   tlen query name           accession   qlen   E-value  score  bias   #  of  c-Evalue  i-Evalue  score  bias  from    to  from    to  from    to  acc description of target
#                              ------------------- ---------- ----- -------------------- ---------- ----- --------- ------ ----- --- --- --------- --------- ------ ----- ----- ----- ----- ----- ----- ----- ---- ---------------------
NODE_1548_length_7222_cov_79.247162:3296-4228|+    -            311 259                  -            309  1.1e-192  637.3   1.3   1   1  1.4e-195  1.3e-192  637.1   1.3     1   309     1   309     1   309 1.00 NODE_1548_length_7222_cov_79.247162_4 # 3296 # 4228 # 1 # ID=698_4;partial=00;start_type=ATG;rbs_motif=GGA/GAG/AGG;rbs_spacer=5-10bp;gc_cont=0.511
NODE_1113_length_19431_cov_68.618652:8120-9136|+   -            339 259                  -            309   2.4e-12   45.0   0.0   1   1   9.9e-15   8.7e-12   43.1   0.0     2   250     3   276     2   295 0.66 NODE_1113_length_19431_cov_68.618652_10 # 8120 # 9136 # 1 # ID=473_10;partial=00;start_type=ATG;rbs_motif=GGAG/GAGG;rbs_spacer=5-10bp;gc_cont=0.541
NODE_888_length_35781_cov_80.233421:25536-26603|+  -            356 259                  -            309   2.2e-08   31.9   0.0   1   1   3.5e-10   3.1e-07   28.2   0.0     2   240     4   256     3   272 0.68 NODE_888_length_35781_cov_80.233421_23 # 25536 # 26603 # 1 # ID=375_23;partial=00;start_type=ATG;rbs_motif=AGGAG;rbs_spacer=5-10bp;gc_cont=0.537
NODE_662_length_38641_cov_68.282883:15793-17775|-  -            661 259                  -            309   4.6e-07   27.6   0.0   1   1   7.4e-10   6.5e-07   27.1   0.0     3   258   319   589   317   597 0.73 NODE_662_length_38641_cov_68.282883_19 # 15793 # 17775 # -1 # ID=281_19;partial=00;start_type=ATG;rbs_motif=AGGA;rbs_spacer=5-10bp;gc_cont=0.509
NODE_1155_length_53173_cov_69.651268:49048-50013|+ -            322 259                  -            309   0.00057   17.4   0.0   1   1   7.2e-06    0.0064   14.0   0.0   168   226   164   226     5   271 0.66 NODE_1155_length_53173_cov_69.651268_41 # 49048 # 50013 # 1 # ID=488_41;partial=00;start_type=ATG;rbs_motif=GGAG/GAGG;rbs_spacer=5-10bp;gc_cont=0.564
NODE_666_length_18969_cov_76.638199:3716-4609|-    -            298 259                  -            309     0.001   16.6   0.0   1   2   0.00026      0.23    8.9   0.0     2    31     3    32     2    40 0.83 NODE_666_length_18969_cov_76.638199_6 # 3716 # 4609 # -1 # ID=285_6;partial=00;start_type=ATG;rbs_motif=GGAGG;rbs_spacer=3-4bp;gc_cont=0.557
NODE_666_length_18969_cov_76.638199:3716-4609|-    -            298 259                  -            309     0.001   16.6   0.0   2   2    0.0028       2.5    5.5   0.0   210   236   197   223   189   244 0.85 NODE_666_length_18969_cov_76.638199_6 # 3716 # 4609 # -1 # ID=285_6;partial=00;start_type=ATG;rbs_motif=GGAGG;rbs_spacer=3-4bp;gc_cont=0.557
#
# Program:         hmmsearch
# Version:         3.4 (Aug 2023)
# Pipeline mode:   SEARCH
# Query file:      /home/simonedassisi/velvet-1.2.10/busco_downloads/lineages/enterobacteriaceae_odb12/hmms/259at543.hmm
# Target file:     results/BUSCO_output_velveth21/prodigal_output/predicted_genes/predicted.faa
# Option settings: hmmsearch --domtblout results/BUSCO_output_velveth21/run_enterobacteriaceae_odb12/hmmer_output/259at543.out --cpu 1 /home/simonedassisi/velvet-1.2.10/busco_downloads/lineages/enterobacteriaceae_odb12/hmms/259at543.hmm results/BUSCO_output_velveth21/prodigal_output/predicted_genes/predicted.faa 
# Current dir:     /home/simonedassisi/velvet-1.2.10
# Date:            Wed Apr  2 19:23:59 2025
# [ok]
