#                                                                                                           --- full sequence --- -------------- this domain -------------   hmm coord   ali coord   env coord
# target name                                       accession   tlen query name           accession   qlen   E-value  score  bias   #  of  c-Evalue  i-Evalue  score  bias  from    to  from    to  from    to  acc description of target
#                               ------------------- ---------- ----- -------------------- ---------- ----- --------- ------ ----- --- --- --------- --------- ------ ----- ----- ----- ----- ----- ----- ----- ---- ---------------------
NODE_2145_length_112275_cov_77.552353:32081-32719|+ -            213 367                  -            210  1.8e-136  450.5   0.0   1   1  2.3e-139    2e-136  450.3   0.0     1   209     1   210     1   211 0.98 NODE_2145_length_112275_cov_77.552353_29 # 32081 # 32719 # 1 # ID=1072_29;partial=00;start_type=ATG;rbs_motif=GGAGG;rbs_spacer=5-10bp;gc_cont=0.535
NODE_434_length_79075_cov_70.223480:56617-57222|-   -            202 367                  -            210   7.8e-11   40.0   0.0   1   1   9.9e-14   8.7e-11   39.9   0.0    25   197    14   193     1   199 0.78 NODE_434_length_79075_cov_70.223480_55 # 56617 # 57222 # -1 # ID=160_55;partial=00;start_type=ATG;rbs_motif=AGGAG;rbs_spacer=5-10bp;gc_cont=0.507
NODE_1278_length_17409_cov_70.572289:6112-6738|-    -            209 367                  -            210   2.9e-08   31.6   0.0   1   1   4.3e-11   3.7e-08   31.2   0.0    46   174    40   180    16   201 0.78 NODE_1278_length_17409_cov_70.572289_6 # 6112 # 6738 # -1 # ID=555_6;partial=00;start_type=ATG;rbs_motif=GGA/GAG/AGG;rbs_spacer=5-10bp;gc_cont=0.518
NODE_666_length_18969_cov_76.638199:5832-6476|+     -            215 367                  -            210     7e-07   27.1   0.0   1   1   1.1e-09   9.5e-07   26.7   0.0    24   111    21   114     3   190 0.68 NODE_666_length_18969_cov_76.638199_9 # 5832 # 6476 # 1 # ID=285_9;partial=00;start_type=ATG;rbs_motif=GGAG/GAGG;rbs_spacer=5-10bp;gc_cont=0.518
NODE_230_length_8375_cov_67.677017:7657-8265|-      -            203 367                  -            210   3.1e-06   25.0   0.0   1   1   4.1e-09   3.6e-06   24.8   0.0    13   136     3   124     1   155 0.80 NODE_230_length_8375_cov_67.677017_7 # 7657 # 8265 # -1 # ID=59_7;partial=00;start_type=ATG;rbs_motif=AGGA;rbs_spacer=5-10bp;gc_cont=0.527
NODE_739_length_21936_cov_71.932304:1-510|-         -            170 367                  -            210    0.0012   16.5   0.2   1   1   2.1e-06    0.0019   15.9   0.2    41   163    34   165    17   169 0.70 NODE_739_length_21936_cov_71.932304_1 # 1 # 510 # -1 # ID=309_1;partial=10;start_type=ATG;rbs_motif=GGAG/GAGG;rbs_spacer=5-10bp;gc_cont=0.492
#
# Program:         hmmsearch
# Version:         3.4 (Aug 2023)
# Pipeline mode:   SEARCH
# Query file:      /home/simonedassisi/velvet-1.2.10/busco_downloads/lineages/enterobacteriaceae_odb12/hmms/367at543.hmm
# Target file:     results/BUSCO_output_velveth21/prodigal_output/predicted_genes/predicted.faa
# Option settings: hmmsearch --domtblout results/BUSCO_output_velveth21/run_enterobacteriaceae_odb12/hmmer_output/367at543.out --cpu 1 /home/simonedassisi/velvet-1.2.10/busco_downloads/lineages/enterobacteriaceae_odb12/hmms/367at543.hmm results/BUSCO_output_velveth21/prodigal_output/predicted_genes/predicted.faa 
# Current dir:     /home/simonedassisi/velvet-1.2.10
# Date:            Wed Apr  2 19:24:01 2025
# [ok]
