#                                                                                                          --- full sequence --- -------------- this domain -------------   hmm coord   ali coord   env coord
# target name                                      accession   tlen query name           accession   qlen   E-value  score  bias   #  of  c-Evalue  i-Evalue  score  bias  from    to  from    to  from    to  acc description of target
#                              ------------------- ---------- ----- -------------------- ---------- ----- --------- ------ ----- --- --- --------- --------- ------ ----- ----- ----- ----- ----- ----- ----- ---- ---------------------
NODE_1815_length_42207_cov_77.160164:7999-9732|+   -            578 4230                 -            577         0 1147.5   0.0   1   1         0         0 1147.4   0.0     1   577     1   577     1   577 1.00 NODE_1815_length_42207_cov_77.160164_9 # 7999 # 9732 # 1 # ID=846_9;partial=00;start_type=GTG;rbs_motif=AGGAG;rbs_spacer=5-10bp;gc_cont=0.539
NODE_1204_length_64359_cov_77.399834:43101-45533|+ -            811 4230                 -            577   1.8e-15   54.5   3.4   1   5     0.039     1e+02   -0.8   0.0   210   241    46    77    20    84 0.77 NODE_1204_length_64359_cov_77.399834_38 # 43101 # 45533 # 1 # ID=516_38;partial=00;start_type=ATG;rbs_motif=None;rbs_spacer=None;gc_cont=0.505
NODE_1204_length_64359_cov_77.399834:43101-45533|+ -            811 4230                 -            577   1.8e-15   54.5   3.4   2   5   6.6e-08   0.00018   18.3   0.2    59   228   131   306   107   338 0.78 NODE_1204_length_64359_cov_77.399834_38 # 43101 # 45533 # 1 # ID=516_38;partial=00;start_type=ATG;rbs_motif=None;rbs_spacer=None;gc_cont=0.505
NODE_1204_length_64359_cov_77.399834:43101-45533|+ -            811 4230                 -            577   1.8e-15   54.5   3.4   3   5     3e-05     0.079    9.5   0.1   180   287   338   445   327   458 0.81 NODE_1204_length_64359_cov_77.399834_38 # 43101 # 45533 # 1 # ID=516_38;partial=00;start_type=ATG;rbs_motif=None;rbs_spacer=None;gc_cont=0.505
NODE_1204_length_64359_cov_77.399834:43101-45533|+ -            811 4230                 -            577   1.8e-15   54.5   3.4   4   5   0.00013      0.35    7.4   0.0   421   487   603   671   586   674 0.74 NODE_1204_length_64359_cov_77.399834_38 # 43101 # 45533 # 1 # ID=516_38;partial=00;start_type=ATG;rbs_motif=None;rbs_spacer=None;gc_cont=0.505
NODE_1204_length_64359_cov_77.399834:43101-45533|+ -            811 4230                 -            577   1.8e-15   54.5   3.4   5   5     6e-07    0.0016   15.1   0.0   532   572   764   807   756   809 0.81 NODE_1204_length_64359_cov_77.399834_38 # 43101 # 45533 # 1 # ID=516_38;partial=00;start_type=ATG;rbs_motif=None;rbs_spacer=None;gc_cont=0.505
#
# Program:         hmmsearch
# Version:         3.4 (Aug 2023)
# Pipeline mode:   SEARCH
# Query file:      /home/simonedassisi/velvet-1.2.10/busco_downloads/lineages/enterobacteriaceae_odb12/hmms/4230at543.hmm
# Target file:     results/BUSCO_output_velveth21/prodigal_output/predicted_genes/predicted.faa
# Option settings: hmmsearch --domtblout results/BUSCO_output_velveth21/run_enterobacteriaceae_odb12/hmmer_output/4230at543.out --cpu 1 /home/simonedassisi/velvet-1.2.10/busco_downloads/lineages/enterobacteriaceae_odb12/hmms/4230at543.hmm results/BUSCO_output_velveth21/prodigal_output/predicted_genes/predicted.faa 
# Current dir:     /home/simonedassisi/velvet-1.2.10
# Date:            Wed Apr  2 19:24:02 2025
# [ok]
