#                                                                                                           --- full sequence --- -------------- this domain -------------   hmm coord   ali coord   env coord
# target name                                       accession   tlen query name           accession   qlen   E-value  score  bias   #  of  c-Evalue  i-Evalue  score  bias  from    to  from    to  from    to  acc description of target
#                               ------------------- ---------- ----- -------------------- ---------- ----- --------- ------ ----- --- --- --------- --------- ------ ----- ----- ----- ----- ----- ----- ----- ---- ---------------------
NODE_718_length_90501_cov_69.003258:4079-4627|+     -            183 4766                 -            180  4.2e-104  344.6  17.7   1   1  3.6e-107  4.7e-104  344.5  17.7     1   180     1   180     1   180 0.99 NODE_718_length_90501_cov_69.003258_5 # 4079 # 4627 # 1 # ID=299_5;partial=00;start_type=ATG;rbs_motif=None;rbs_spacer=None;gc_cont=0.526
NODE_2423_length_37281_cov_72.162392:16814-17419|-  -            202 4766                 -            180   9.1e-05   21.0   2.0   1   2   4.3e-07   0.00056   18.4   0.6    35    79    58   101    25   126 0.70 NODE_2423_length_37281_cov_72.162392_15 # 16814 # 17419 # -1 # ID=1244_15;partial=00;start_type=ATG;rbs_motif=AGGA;rbs_spacer=5-10bp;gc_cont=0.460
NODE_2423_length_37281_cov_72.162392:16814-17419|-  -            202 4766                 -            180   9.1e-05   21.0   2.0   2   2     0.022        30    3.0   0.2    23    59   100   139    95   169 0.67 NODE_2423_length_37281_cov_72.162392_15 # 16814 # 17419 # -1 # ID=1244_15;partial=00;start_type=ATG;rbs_motif=AGGA;rbs_spacer=5-10bp;gc_cont=0.460
NODE_2145_length_112275_cov_77.552353:65654-65923|+ -             90 4766                 -            180     0.055   11.9   0.0   1   1     5e-05     0.067   11.7   0.0    39    78    33    71    24    80 0.90 NODE_2145_length_112275_cov_77.552353_63 # 65654 # 65923 # 1 # ID=1072_63;partial=00;start_type=ATG;rbs_motif=None;rbs_spacer=None;gc_cont=0.504
NODE_434_length_79075_cov_70.223480:76958-77851|+   -            298 4766                 -            180        10    4.6  12.2   1   3      0.22   2.9e+02   -0.2   0.3    16    65    26    78    20    82 0.57 NODE_434_length_79075_cov_70.223480_75 # 76958 # 77851 # 1 # ID=160_75;partial=00;start_type=ATG;rbs_motif=GGAGG;rbs_spacer=5-10bp;gc_cont=0.551
NODE_434_length_79075_cov_70.223480:76958-77851|+   -            298 4766                 -            180        10    4.6  12.2   2   3      0.12   1.5e+02    0.7   0.4    16    32    89   105    80   117 0.77 NODE_434_length_79075_cov_70.223480_75 # 76958 # 77851 # 1 # ID=160_75;partial=00;start_type=ATG;rbs_motif=GGAGG;rbs_spacer=5-10bp;gc_cont=0.551
NODE_434_length_79075_cov_70.223480:76958-77851|+   -            298 4766                 -            180        10    4.6  12.2   3   3   0.00016      0.21   10.1   1.1    83   169   179   265   177   273 0.75 NODE_434_length_79075_cov_70.223480_75 # 76958 # 77851 # 1 # ID=160_75;partial=00;start_type=ATG;rbs_motif=GGAGG;rbs_spacer=5-10bp;gc_cont=0.551
#
# Program:         hmmsearch
# Version:         3.4 (Aug 2023)
# Pipeline mode:   SEARCH
# Query file:      /home/simonedassisi/velvet-1.2.10/busco_downloads/lineages/enterobacteriaceae_odb12/hmms/4766at543.hmm
# Target file:     results/BUSCO_output_velveth21/prodigal_output/predicted_genes/predicted.faa
# Option settings: hmmsearch --domtblout results/BUSCO_output_velveth21/run_enterobacteriaceae_odb12/hmmer_output/4766at543.out --cpu 1 /home/simonedassisi/velvet-1.2.10/busco_downloads/lineages/enterobacteriaceae_odb12/hmms/4766at543.hmm results/BUSCO_output_velveth21/prodigal_output/predicted_genes/predicted.faa 
# Current dir:     /home/simonedassisi/velvet-1.2.10
# Date:            Wed Apr  2 19:24:03 2025
# [ok]
