#                                                                                                         --- full sequence --- -------------- this domain -------------   hmm coord   ali coord   env coord
# target name                                     accession   tlen query name           accession   qlen   E-value  score  bias   #  of  c-Evalue  i-Evalue  score  bias  from    to  from    to  from    to  acc description of target
#                             ------------------- ---------- ----- -------------------- ---------- ----- --------- ------ ----- --- --- --------- --------- ------ ----- ----- ----- ----- ----- ----- ----- ---- ---------------------
NODE_269_length_60008_cov_74.420364:11686-13548|+ -            621 5144                 -            619         0 1326.5   0.0   1   1         0         0 1326.4   0.0     1   619     1   620     1   620 1.00 NODE_269_length_60008_cov_74.420364_13 # 11686 # 13548 # 1 # ID=74_13;partial=00;start_type=ATG;rbs_motif=GGA/GAG/AGG;rbs_spacer=5-10bp;gc_cont=0.545
NODE_599_length_5244_cov_74.718536:76-2067|-      -            664 5144                 -            619   1.5e-12   44.7   0.1   1   3     8e-05      0.14    8.5   0.0   124   189   117   193     3   201 0.67 NODE_599_length_5244_cov_74.718536_1 # 76 # 2067 # -1 # ID=260_1;partial=00;start_type=ATG;rbs_motif=GGAG/GAGG;rbs_spacer=5-10bp;gc_cont=0.557
NODE_599_length_5244_cov_74.718536:76-2067|-      -            664 5144                 -            619   1.5e-12   44.7   0.1   2   3    0.0029       5.2    3.4   0.0   241   292   203   254   191   304 0.70 NODE_599_length_5244_cov_74.718536_1 # 76 # 2067 # -1 # ID=260_1;partial=00;start_type=ATG;rbs_motif=GGAG/GAGG;rbs_spacer=5-10bp;gc_cont=0.557
NODE_599_length_5244_cov_74.718536:76-2067|-      -            664 5144                 -            619   1.5e-12   44.7   0.1   3   3   3.4e-11     6e-08   29.6   0.0   350   535   391   582   316   607 0.74 NODE_599_length_5244_cov_74.718536_1 # 76 # 2067 # -1 # ID=260_1;partial=00;start_type=ATG;rbs_motif=GGAG/GAGG;rbs_spacer=5-10bp;gc_cont=0.557
NODE_1893_length_14543_cov_71.521904:8370-10373|- -            668 5144                 -            619   5.2e-08   29.8   0.0   1   2    0.0096        17    1.7   0.0   139   186   141   189     4   241 0.79 NODE_1893_length_14543_cov_71.521904_6 # 8370 # 10373 # -1 # ID=898_6;partial=00;start_type=ATG;rbs_motif=GGAG/GAGG;rbs_spacer=5-10bp;gc_cont=0.544
NODE_1893_length_14543_cov_71.521904:8370-10373|- -            668 5144                 -            619   5.2e-08   29.8   0.0   2   2   3.9e-10   6.8e-07   26.1   0.0   361   533   401   579   318   592 0.82 NODE_1893_length_14543_cov_71.521904_6 # 8370 # 10373 # -1 # ID=898_6;partial=00;start_type=ATG;rbs_motif=GGAG/GAGG;rbs_spacer=5-10bp;gc_cont=0.544
#
# Program:         hmmsearch
# Version:         3.4 (Aug 2023)
# Pipeline mode:   SEARCH
# Query file:      /home/simonedassisi/velvet-1.2.10/busco_downloads/lineages/enterobacteriaceae_odb12/hmms/5144at543.hmm
# Target file:     results/BUSCO_output_velveth21/prodigal_output/predicted_genes/predicted.faa
# Option settings: hmmsearch --domtblout results/BUSCO_output_velveth21/run_enterobacteriaceae_odb12/hmmer_output/5144at543.out --cpu 1 /home/simonedassisi/velvet-1.2.10/busco_downloads/lineages/enterobacteriaceae_odb12/hmms/5144at543.hmm results/BUSCO_output_velveth21/prodigal_output/predicted_genes/predicted.faa 
# Current dir:     /home/simonedassisi/velvet-1.2.10
# Date:            Wed Apr  2 19:24:05 2025
# [ok]
