#                                                                                                         --- full sequence --- -------------- this domain -------------   hmm coord   ali coord   env coord
# target name                                     accession   tlen query name           accession   qlen   E-value  score  bias   #  of  c-Evalue  i-Evalue  score  bias  from    to  from    to  from    to  acc description of target
#                             ------------------- ---------- ----- -------------------- ---------- ----- --------- ------ ----- --- --- --------- --------- ------ ----- ----- ----- ----- ----- ----- ----- ---- ---------------------
NODE_286_length_41180_cov_81.233269:32290-33666|- -            459 5596                 -            458         0 1020.6   9.9   1   1         0         0 1020.4   9.9     1   458     1   458     1   458 1.00 NODE_286_length_41180_cov_81.233269_50 # 32290 # 33666 # -1 # ID=82_50;partial=00;start_type=ATG;rbs_motif=None;rbs_spacer=None;gc_cont=0.503
NODE_614_length_35137_cov_72.104843:112-1974|+    -            621 5596                 -            458   9.8e-06   22.7   0.0   1   1   1.8e-08   1.6e-05   22.0   0.0     2   104   401   502   400   512 0.94 NODE_614_length_35137_cov_72.104843_2 # 112 # 1974 # 1 # ID=265_2;partial=00;start_type=ATG;rbs_motif=AGGAG;rbs_spacer=5-10bp;gc_cont=0.555
NODE_1441_length_52686_cov_76.197510:7592-9397|-  -            602 5596                 -            458   1.6e-05   22.0   0.0   1   1   2.9e-08   2.6e-05   21.3   0.0     2   101   402   500   401   521 0.87 NODE_1441_length_52686_cov_76.197510_13 # 7592 # 9397 # -1 # ID=633_13;partial=00;start_type=ATG;rbs_motif=AGGAG;rbs_spacer=5-10bp;gc_cont=0.547
NODE_663_length_10701_cov_65.952057:8917-10653|+  -            579 5596                 -            458    0.0068   13.3   0.0   1   1   1.3e-05     0.011   12.6   0.0   169   213   430   471   423   481 0.81 NODE_663_length_10701_cov_65.952057_10 # 8917 # 10653 # 1 # ID=282_10;partial=00;start_type=TTG;rbs_motif=AGGAG;rbs_spacer=5-10bp;gc_cont=0.526
NODE_517_length_26358_cov_74.693604:5912-7165|+   -            418 5596                 -            458    0.0077   13.2   0.5   1   1   1.4e-05     0.012   12.5   0.4   270   353   283   368   242   391 0.79 NODE_517_length_26358_cov_74.693604_10 # 5912 # 7165 # 1 # ID=211_10;partial=00;start_type=GTG;rbs_motif=GGAG/GAGG;rbs_spacer=5-10bp;gc_cont=0.424
NODE_846_length_63393_cov_76.936378:9099-9995|-   -            299 5596                 -            458    0.0085   13.0   0.0   1   1   1.5e-05     0.014   12.3   0.0     3    42     4    43     2    50 0.94 NODE_846_length_63393_cov_76.936378_8 # 9099 # 9995 # -1 # ID=361_8;partial=00;start_type=ATG;rbs_motif=AGGAG;rbs_spacer=5-10bp;gc_cont=0.551
#
# Program:         hmmsearch
# Version:         3.4 (Aug 2023)
# Pipeline mode:   SEARCH
# Query file:      /home/simonedassisi/velvet-1.2.10/busco_downloads/lineages/enterobacteriaceae_odb12/hmms/5596at543.hmm
# Target file:     results/BUSCO_output_velveth21/prodigal_output/predicted_genes/predicted.faa
# Option settings: hmmsearch --domtblout results/BUSCO_output_velveth21/run_enterobacteriaceae_odb12/hmmer_output/5596at543.out --cpu 1 /home/simonedassisi/velvet-1.2.10/busco_downloads/lineages/enterobacteriaceae_odb12/hmms/5596at543.hmm results/BUSCO_output_velveth21/prodigal_output/predicted_genes/predicted.faa 
# Current dir:     /home/simonedassisi/velvet-1.2.10
# Date:            Wed Apr  2 19:24:07 2025
# [ok]
