#                                                                                                         --- full sequence --- -------------- this domain -------------   hmm coord   ali coord   env coord
# target name                                     accession   tlen query name           accession   qlen   E-value  score  bias   #  of  c-Evalue  i-Evalue  score  bias  from    to  from    to  from    to  acc description of target
#                             ------------------- ---------- ----- -------------------- ---------- ----- --------- ------ ----- --- --- --------- --------- ------ ----- ----- ----- ----- ----- ----- ----- ---- ---------------------
NODE_567_length_10831_cov_86.072937:123-659|+     -            179 5610                 -            177  9.4e-114  375.2   0.9   1   1    8e-117  1.1e-113  375.1   0.9     1   177     1   177     1   177 1.00 NODE_567_length_10831_cov_86.072937_1 # 123 # 659 # 1 # ID=248_1;partial=00;start_type=ATG;rbs_motif=None;rbs_spacer=None;gc_cont=0.505
NODE_1229_length_78306_cov_70.440285:6791-7249|+  -            153 5610                 -            177   5.6e-06   24.2   0.0   1   1     5e-09   6.6e-06   23.9   0.0    23   115    17   104     8   129 0.84 NODE_1229_length_78306_cov_70.440285_9 # 6791 # 7249 # 1 # ID=529_9;partial=00;start_type=ATG;rbs_motif=GGA/GAG/AGG;rbs_spacer=5-10bp;gc_cont=0.514
NODE_482_length_21709_cov_69.527618:16456-17469|+ -            338 5610                 -            177   7.2e-06   23.8   0.1   1   2     0.039        52    1.5   0.0    78   103    58    83    42   145 0.75 NODE_482_length_21709_cov_69.527618_19 # 16456 # 17469 # 1 # ID=196_19;partial=00;start_type=ATG;rbs_motif=GGA/GAG/AGG;rbs_spacer=5-10bp;gc_cont=0.529
NODE_482_length_21709_cov_69.527618:16456-17469|+ -            338 5610                 -            177   7.2e-06   23.8   0.1   2   2     1e-07   0.00013   19.7   0.0    83   123   226   266   218   316 0.76 NODE_482_length_21709_cov_69.527618_19 # 16456 # 17469 # 1 # ID=196_19;partial=00;start_type=ATG;rbs_motif=GGA/GAG/AGG;rbs_spacer=5-10bp;gc_cont=0.529
NODE_1282_length_6589_cov_68.259827:3000-4538|+   -            513 5610                 -            177      0.04   11.6   0.0   1   2      0.56   7.3e+02   -2.3   0.0    82   114    61    95     8   115 0.57 NODE_1282_length_6589_cov_68.259827_3 # 3000 # 4538 # 1 # ID=558_3;partial=00;start_type=ATG;rbs_motif=GGAG/GAGG;rbs_spacer=5-10bp;gc_cont=0.525
NODE_1282_length_6589_cov_68.259827:3000-4538|+   -            513 5610                 -            177      0.04   11.6   0.0   2   2   8.9e-05      0.12   10.1   0.0   134   169   294   329   283   333 0.89 NODE_1282_length_6589_cov_68.259827_3 # 3000 # 4538 # 1 # ID=558_3;partial=00;start_type=ATG;rbs_motif=GGAG/GAGG;rbs_spacer=5-10bp;gc_cont=0.525
#
# Program:         hmmsearch
# Version:         3.4 (Aug 2023)
# Pipeline mode:   SEARCH
# Query file:      /home/simonedassisi/velvet-1.2.10/busco_downloads/lineages/enterobacteriaceae_odb12/hmms/5610at543.hmm
# Target file:     results/BUSCO_output_velveth21/prodigal_output/predicted_genes/predicted.faa
# Option settings: hmmsearch --domtblout results/BUSCO_output_velveth21/run_enterobacteriaceae_odb12/hmmer_output/5610at543.out --cpu 1 /home/simonedassisi/velvet-1.2.10/busco_downloads/lineages/enterobacteriaceae_odb12/hmms/5610at543.hmm results/BUSCO_output_velveth21/prodigal_output/predicted_genes/predicted.faa 
# Current dir:     /home/simonedassisi/velvet-1.2.10
# Date:            Wed Apr  2 19:24:07 2025
# [ok]
