#                                                                                                         --- full sequence --- -------------- this domain -------------   hmm coord   ali coord   env coord
# target name                                     accession   tlen query name           accession   qlen   E-value  score  bias   #  of  c-Evalue  i-Evalue  score  bias  from    to  from    to  from    to  acc description of target
#                             ------------------- ---------- ----- -------------------- ---------- ----- --------- ------ ----- --- --- --------- --------- ------ ----- ----- ----- ----- ----- ----- ----- ---- ---------------------
NODE_596_length_15654_cov_72.501595:40-1764|+     -            575 5774                 -            572         0 1271.2   2.7   1   1         0         0 1271.0   2.7     1   572     1   574     1   574 1.00 NODE_596_length_15654_cov_72.501595_1 # 40 # 1764 # 1 # ID=258_1;partial=00;start_type=ATG;rbs_motif=GGAG/GAGG;rbs_spacer=5-10bp;gc_cont=0.528
NODE_888_length_35781_cov_80.233421:3631-5277|+   -            549 5774                 -            572  6.2e-158  524.8   0.0   1   1  8.9e-161  7.8e-158  524.4   0.0     5   564     2   543     1   547 0.95 NODE_888_length_35781_cov_80.233421_4 # 3631 # 5277 # 1 # ID=375_4;partial=00;start_type=ATG;rbs_motif=GGA/GAG/AGG;rbs_spacer=5-10bp;gc_cont=0.544
NODE_989_length_51512_cov_75.450089:35507-37195|+ -            563 5774                 -            572  4.3e-147  489.0   0.0   1   1  6.5e-150  5.8e-147  488.6   0.0     4   564    13   559    11   561 0.94 NODE_989_length_51512_cov_75.450089_37 # 35507 # 37195 # 1 # ID=419_37;partial=00;start_type=ATG;rbs_motif=AGGA;rbs_spacer=5-10bp;gc_cont=0.564
NODE_625_length_50664_cov_72.003532:19887-21668|- -            594 5774                 -            572  2.9e-109  364.1   0.3   1   1    4e-112  3.5e-109  363.8   0.3    12   547    12   557     1   568 0.90 NODE_625_length_50664_cov_72.003532_19 # 19887 # 21668 # -1 # ID=266_19;partial=00;start_type=ATG;rbs_motif=GGAG/GAGG;rbs_spacer=5-10bp;gc_cont=0.534
NODE_1692_length_7197_cov_66.727112:3997-5715|+   -            573 5774                 -            572   1.3e-65  220.0   0.0   1   1     2e-68   1.8e-65  219.5   0.0     7   557     6   539     2   548 0.92 NODE_1692_length_7197_cov_66.727112_4 # 3997 # 5715 # 1 # ID=777_4;partial=00;start_type=ATG;rbs_motif=AGGAG;rbs_spacer=5-10bp;gc_cont=0.540
NODE_190_length_21144_cov_76.620888:2736-4430|+   -            565 5774                 -            572   5.3e-55  184.9   0.1   1   1   7.5e-58   6.6e-55  184.6   0.1     2   546     6   543     5   556 0.91 NODE_190_length_21144_cov_76.620888_3 # 2736 # 4430 # 1 # ID=47_3;partial=00;start_type=ATG;rbs_motif=GGAG/GAGG;rbs_spacer=5-10bp;gc_cont=0.465
#
# Program:         hmmsearch
# Version:         3.4 (Aug 2023)
# Pipeline mode:   SEARCH
# Query file:      /home/simonedassisi/velvet-1.2.10/busco_downloads/lineages/enterobacteriaceae_odb12/hmms/5774at543.hmm
# Target file:     results/BUSCO_output_velveth21/prodigal_output/predicted_genes/predicted.faa
# Option settings: hmmsearch --domtblout results/BUSCO_output_velveth21/run_enterobacteriaceae_odb12/hmmer_output/5774at543.out --cpu 1 /home/simonedassisi/velvet-1.2.10/busco_downloads/lineages/enterobacteriaceae_odb12/hmms/5774at543.hmm results/BUSCO_output_velveth21/prodigal_output/predicted_genes/predicted.faa 
# Current dir:     /home/simonedassisi/velvet-1.2.10
# Date:            Wed Apr  2 19:24:07 2025
# [ok]
