#                                                                                                         --- full sequence --- -------------- this domain -------------   hmm coord   ali coord   env coord
# target name                                     accession   tlen query name           accession   qlen   E-value  score  bias   #  of  c-Evalue  i-Evalue  score  bias  from    to  from    to  from    to  acc description of target
#                             ------------------- ---------- ----- -------------------- ---------- ----- --------- ------ ----- --- --- --------- --------- ------ ----- ----- ----- ----- ----- ----- ----- ---- ---------------------
NODE_998_length_24344_cov_83.117935:2487-3446|+   -            320 61756                -            319  7.4e-206  680.7  25.9   1   1  7.8e-209  8.2e-206  680.6  25.9     1   319     1   319     1   319 1.00 NODE_998_length_24344_cov_83.117935_3 # 2487 # 3446 # 1 # ID=423_3;partial=00;start_type=ATG;rbs_motif=GGA/GAG/AGG;rbs_spacer=5-10bp;gc_cont=0.547
NODE_1113_length_19431_cov_68.618652:3624-4313|-  -            230 61756                -            319   6.6e-09   33.6   2.3   1   1   6.7e-12     7e-09   33.5   1.2   164   248    86   171    74   199 0.83 NODE_1113_length_19431_cov_68.618652_5 # 3624 # 4313 # -1 # ID=473_5;partial=00;start_type=ATG;rbs_motif=3Base/5BMM;rbs_spacer=13-15bp;gc_cont=0.538
NODE_215_length_65836_cov_69.504402:20738-21571|+ -            278 61756                -            319   6.9e-09   33.5   6.4   1   1   2.6e-11   2.8e-08   31.5   6.4   171   261   141   232    16   263 0.89 NODE_215_length_65836_cov_69.504402_23 # 20738 # 21571 # 1 # ID=52_23;partial=00;start_type=ATG;rbs_motif=GGxGG;rbs_spacer=5-10bp;gc_cont=0.565
NODE_998_length_24344_cov_83.117935:3446-4336|+   -            297 61756                -            319   1.1e-07   29.5   2.1   1   2     0.011        11    3.3   4.6    50   139    58   145    24   152 0.72 NODE_998_length_24344_cov_83.117935_4 # 3446 # 4336 # 1 # ID=423_4;partial=00;start_type=ATG;rbs_motif=GGAG/GAGG;rbs_spacer=5-10bp;gc_cont=0.570
NODE_998_length_24344_cov_83.117935:3446-4336|+   -            297 61756                -            319   1.1e-07   29.5   2.1   2   2   1.1e-10   1.1e-07   29.5   2.1   173   263   155   245   151   295 0.75 NODE_998_length_24344_cov_83.117935_4 # 3446 # 4336 # 1 # ID=423_4;partial=00;start_type=ATG;rbs_motif=GGAG/GAGG;rbs_spacer=5-10bp;gc_cont=0.570
NODE_215_length_65836_cov_69.504402:21571-22446|+ -            292 61756                -            319      0.14    9.5  15.9   1   1    0.0027       2.9    5.2  15.9   180   251   156   227    20   269 0.62 NODE_215_length_65836_cov_69.504402_24 # 21571 # 22446 # 1 # ID=52_24;partial=00;start_type=ATG;rbs_motif=GGA/GAG/AGG;rbs_spacer=5-10bp;gc_cont=0.564
#
# Program:         hmmsearch
# Version:         3.4 (Aug 2023)
# Pipeline mode:   SEARCH
# Query file:      /home/simonedassisi/velvet-1.2.10/busco_downloads/lineages/enterobacteriaceae_odb12/hmms/61756at543.hmm
# Target file:     results/BUSCO_output_velveth21/prodigal_output/predicted_genes/predicted.faa
# Option settings: hmmsearch --domtblout results/BUSCO_output_velveth21/run_enterobacteriaceae_odb12/hmmer_output/61756at543.out --cpu 1 /home/simonedassisi/velvet-1.2.10/busco_downloads/lineages/enterobacteriaceae_odb12/hmms/61756at543.hmm results/BUSCO_output_velveth21/prodigal_output/predicted_genes/predicted.faa 
# Current dir:     /home/simonedassisi/velvet-1.2.10
# Date:            Wed Apr  2 19:24:09 2025
# [ok]
