#                                                                                                         --- full sequence --- -------------- this domain -------------   hmm coord   ali coord   env coord
# target name                                     accession   tlen query name           accession   qlen   E-value  score  bias   #  of  c-Evalue  i-Evalue  score  bias  from    to  from    to  from    to  acc description of target
#                             ------------------- ---------- ----- -------------------- ---------- ----- --------- ------ ----- --- --- --------- --------- ------ ----- ----- ----- ----- ----- ----- ----- ---- ---------------------
NODE_567_length_10831_cov_86.072937:2394-3164|+   -            257 6589                 -            256  9.6e-158  521.8  25.5   1   1    1e-160  1.1e-157  521.6  25.5     1   256     1   256     1   256 1.00 NODE_567_length_10831_cov_86.072937_4 # 2394 # 3164 # 1 # ID=248_4;partial=00;start_type=ATG;rbs_motif=AGGAG;rbs_spacer=5-10bp;gc_cont=0.507
NODE_2619_length_3577_cov_71.908020:1350-2081|-   -            244 6589                 -            256   5.5e-06   24.5  21.9   1   1   7.5e-09     8e-06   23.9  21.9    27   238    14   224    10   240 0.68 NODE_2619_length_3577_cov_71.908020_2 # 1350 # 2081 # -1 # ID=1401_2;partial=00;start_type=ATG;rbs_motif=GGA/GAG/AGG;rbs_spacer=5-10bp;gc_cont=0.365
NODE_1288_length_45176_cov_69.014496:3786-4892|-  -            369 6589                 -            256   0.00017   19.6  10.5   1   1   2.9e-07    0.0003   18.8  10.5    56   212   169   326   165   355 0.77 NODE_1288_length_45176_cov_69.014496_5 # 3786 # 4892 # -1 # ID=561_5;partial=00;start_type=ATG;rbs_motif=GGAG/GAGG;rbs_spacer=5-10bp;gc_cont=0.522
NODE_1671_length_10235_cov_68.567657:7424-8086|+  -            221 6589                 -            256    0.0014   16.6   0.9   1   1   2.2e-06    0.0023   15.9   0.7    59   150    46   137    21   170 0.83 NODE_1671_length_10235_cov_68.567657_11 # 7424 # 8086 # 1 # ID=763_11;partial=00;start_type=ATG;rbs_motif=GGAG/GAGG;rbs_spacer=5-10bp;gc_cont=0.558
NODE_846_length_63393_cov_76.936378:55432-56358|- -            309 6589                 -            256     0.013   13.4   6.3   1   3      0.11   1.2e+02    0.5   0.0    21    77     9    67     2    73 0.76 NODE_846_length_63393_cov_76.936378_60 # 55432 # 56358 # -1 # ID=361_60;partial=00;start_type=ATG;rbs_motif=None;rbs_spacer=None;gc_cont=0.534
NODE_846_length_63393_cov_76.936378:55432-56358|- -            309 6589                 -            256     0.013   13.4   6.3   2   3   1.6e-05     0.017   13.0   3.1   155   248    82   179    79   183 0.84 NODE_846_length_63393_cov_76.936378_60 # 55432 # 56358 # -1 # ID=361_60;partial=00;start_type=ATG;rbs_motif=None;rbs_spacer=None;gc_cont=0.534
NODE_846_length_63393_cov_76.936378:55432-56358|- -            309 6589                 -            256     0.013   13.4   6.3   3   3      0.92   9.7e+02   -2.6   0.1   138   139   253   254   214   304 0.56 NODE_846_length_63393_cov_76.936378_60 # 55432 # 56358 # -1 # ID=361_60;partial=00;start_type=ATG;rbs_motif=None;rbs_spacer=None;gc_cont=0.534
#
# Program:         hmmsearch
# Version:         3.4 (Aug 2023)
# Pipeline mode:   SEARCH
# Query file:      /home/simonedassisi/velvet-1.2.10/busco_downloads/lineages/enterobacteriaceae_odb12/hmms/6589at543.hmm
# Target file:     results/BUSCO_output_velveth21/prodigal_output/predicted_genes/predicted.faa
# Option settings: hmmsearch --domtblout results/BUSCO_output_velveth21/run_enterobacteriaceae_odb12/hmmer_output/6589at543.out --cpu 1 /home/simonedassisi/velvet-1.2.10/busco_downloads/lineages/enterobacteriaceae_odb12/hmms/6589at543.hmm results/BUSCO_output_velveth21/prodigal_output/predicted_genes/predicted.faa 
# Current dir:     /home/simonedassisi/velvet-1.2.10
# Date:            Wed Apr  2 19:24:11 2025
# [ok]
