#                                                                                                        --- full sequence --- -------------- this domain -------------   hmm coord   ali coord   env coord
# target name                                    accession   tlen query name           accession   qlen   E-value  score  bias   #  of  c-Evalue  i-Evalue  score  bias  from    to  from    to  from    to  acc description of target
#                            ------------------- ---------- ----- -------------------- ---------- ----- --------- ------ ----- --- --- --------- --------- ------ ----- ----- ----- ----- ----- ----- ----- ---- ---------------------
NODE_1548_length_7222_cov_79.247162:4238-5284|+  -            349 6918                 -            348  3.1e-211  699.0   0.0   1   1  2.6e-214  3.4e-211  698.8   0.0     1   347     1   347     1   348 1.00 NODE_1548_length_7222_cov_79.247162_5 # 4238 # 5284 # 1 # ID=698_5;partial=00;start_type=ATG;rbs_motif=GGA/GAG/AGG;rbs_spacer=5-10bp;gc_cont=0.540
NODE_1539_length_37792_cov_75.811783:5235-6293|- -            353 6918                 -            348   4.7e-21   73.6   0.1   1   2   2.5e-11   3.3e-08   31.3   0.2     2    95     7   102     6   116 0.86 NODE_1539_length_37792_cov_75.811783_7 # 5235 # 6293 # -1 # ID=694_7;partial=00;start_type=GTG;rbs_motif=GGA/GAG/AGG;rbs_spacer=5-10bp;gc_cont=0.469
NODE_1539_length_37792_cov_75.811783:5235-6293|- -            353 6918                 -            348   4.7e-21   73.6   0.1   2   2   4.7e-14   6.2e-11   40.3   0.0   192   345   194   345   182   348 0.82 NODE_1539_length_37792_cov_75.811783_7 # 5235 # 6293 # -1 # ID=694_7;partial=00;start_type=GTG;rbs_motif=GGA/GAG/AGG;rbs_spacer=5-10bp;gc_cont=0.469
NODE_1548_length_7222_cov_79.247162:5288-6259|+  -            324 6918                 -            348     5e-13   47.2   0.0   1   1   2.2e-15   2.9e-12   44.7   0.0   190   295   187   287     1   302 0.87 NODE_1548_length_7222_cov_79.247162_6 # 5288 # 6259 # 1 # ID=698_6;partial=00;start_type=ATG;rbs_motif=AGGA;rbs_spacer=5-10bp;gc_cont=0.514
NODE_2001_length_7778_cov_80.814095:3167-4219|+  -            351 6918                 -            348     0.011   13.2   0.6   1   3      0.22   2.9e+02   -1.4   0.0   128   177    81   130    69   147 0.65 NODE_2001_length_7778_cov_80.814095_3 # 3167 # 4219 # 1 # ID=984_3;partial=00;start_type=ATG;rbs_motif=AGGAG/GGAGG;rbs_spacer=11-12bp;gc_cont=0.383
NODE_2001_length_7778_cov_80.814095:3167-4219|+  -            351 6918                 -            348     0.011   13.2   0.6   2   3      0.43   5.7e+02   -2.3   0.0   127   158   140   171   131   177 0.79 NODE_2001_length_7778_cov_80.814095_3 # 3167 # 4219 # 1 # ID=984_3;partial=00;start_type=ATG;rbs_motif=AGGAG/GGAGG;rbs_spacer=11-12bp;gc_cont=0.383
NODE_2001_length_7778_cov_80.814095:3167-4219|+  -            351 6918                 -            348     0.011   13.2   0.6   3   3   3.1e-05     0.041   11.3   0.0   251   289   272   310   250   336 0.80 NODE_2001_length_7778_cov_80.814095_3 # 3167 # 4219 # 1 # ID=984_3;partial=00;start_type=ATG;rbs_motif=AGGAG/GGAGG;rbs_spacer=11-12bp;gc_cont=0.383
#
# Program:         hmmsearch
# Version:         3.4 (Aug 2023)
# Pipeline mode:   SEARCH
# Query file:      /home/simonedassisi/velvet-1.2.10/busco_downloads/lineages/enterobacteriaceae_odb12/hmms/6918at543.hmm
# Target file:     results/BUSCO_output_velveth21/prodigal_output/predicted_genes/predicted.faa
# Option settings: hmmsearch --domtblout results/BUSCO_output_velveth21/run_enterobacteriaceae_odb12/hmmer_output/6918at543.out --cpu 1 /home/simonedassisi/velvet-1.2.10/busco_downloads/lineages/enterobacteriaceae_odb12/hmms/6918at543.hmm results/BUSCO_output_velveth21/prodigal_output/predicted_genes/predicted.faa 
# Current dir:     /home/simonedassisi/velvet-1.2.10
# Date:            Wed Apr  2 19:24:12 2025
# [ok]
