#                                                                                                         --- full sequence --- -------------- this domain -------------   hmm coord   ali coord   env coord
# target name                                     accession   tlen query name           accession   qlen   E-value  score  bias   #  of  c-Evalue  i-Evalue  score  bias  from    to  from    to  from    to  acc description of target
#                             ------------------- ---------- ----- -------------------- ---------- ----- --------- ------ ----- --- --- --------- --------- ------ ----- ----- ----- ----- ----- ----- ----- ---- ---------------------
NODE_517_length_26358_cov_74.693604:4373-5092|-   -            240 7628                 -            248  1.7e-114  380.2  12.7   1   1  2.1e-117  1.8e-114  380.1  12.7     1   247     1   238     1   239 0.95 NODE_517_length_26358_cov_74.693604_8 # 4373 # 5092 # -1 # ID=211_8;partial=00;start_type=ATG;rbs_motif=None;rbs_spacer=None;gc_cont=0.547
NODE_2647_length_869_cov_82.001152:535-861|+      -            109 7628                 -            248   1.3e-24   85.8   0.1   1   1   1.9e-27   1.6e-24   85.4   0.1   156   240    20   104    15   106 0.96 NODE_2647_length_869_cov_82.001152_1 # 535 # 861 # 1 # ID=1424_1;partial=00;start_type=ATG;rbs_motif=AGGA;rbs_spacer=5-10bp;gc_cont=0.465
NODE_1126_length_10021_cov_72.826866:5399-6664|+  -            422 7628                 -            248   6.3e-07   27.8   7.7   1   2   7.2e-10   6.3e-07   27.8   7.7    10   156    12   157     4   175 0.44 NODE_1126_length_10021_cov_72.826866_8 # 5399 # 6664 # 1 # ID=478_8;partial=00;start_type=GTG;rbs_motif=GGA/GAG/AGG;rbs_spacer=5-10bp;gc_cont=0.522
NODE_1126_length_10021_cov_72.826866:5399-6664|+  -            422 7628                 -            248   6.3e-07   27.8   7.7   2   2         6   5.3e+03  -10.0  28.0    49   149   193   275   167   297 0.25 NODE_1126_length_10021_cov_72.826866_8 # 5399 # 6664 # 1 # ID=478_8;partial=00;start_type=GTG;rbs_motif=GGA/GAG/AGG;rbs_spacer=5-10bp;gc_cont=0.522
NODE_899_length_14293_cov_69.337791:9755-9928|+   -             58 7628                 -            248     0.056   11.6   3.5   1   1     7e-05     0.061   11.5   3.5    80   115    10    45     4    56 0.62 NODE_899_length_14293_cov_69.337791_9 # 9755 # 9928 # 1 # ID=380_9;partial=00;start_type=ATG;rbs_motif=GGAGG;rbs_spacer=5-10bp;gc_cont=0.529
NODE_679_length_36641_cov_70.533279:31295-31957|+ -            221 7628                 -            248     0.072   11.3  12.0   1   1   0.00011     0.093   10.9  12.0    66   113    87   138    49   162 0.69 NODE_679_length_36641_cov_70.533279_31 # 31295 # 31957 # 1 # ID=288_31;partial=00;start_type=GTG;rbs_motif=AGGAG;rbs_spacer=5-10bp;gc_cont=0.573
NODE_2213_length_5733_cov_72.996162:2088-3656|-   -            523 7628                 -            248      0.39    8.9   8.7   1   1   0.00068       0.6    8.2   8.7    69   108   181   221   171   229 0.51 NODE_2213_length_5733_cov_72.996162_2 # 2088 # 3656 # -1 # ID=1103_2;partial=00;start_type=ATG;rbs_motif=None;rbs_spacer=None;gc_cont=0.499
#
# Program:         hmmsearch
# Version:         3.4 (Aug 2023)
# Pipeline mode:   SEARCH
# Query file:      /home/simonedassisi/velvet-1.2.10/busco_downloads/lineages/enterobacteriaceae_odb12/hmms/7628at543.hmm
# Target file:     results/BUSCO_output_velveth21/prodigal_output/predicted_genes/predicted.faa
# Option settings: hmmsearch --domtblout results/BUSCO_output_velveth21/run_enterobacteriaceae_odb12/hmmer_output/7628at543.out --cpu 1 /home/simonedassisi/velvet-1.2.10/busco_downloads/lineages/enterobacteriaceae_odb12/hmms/7628at543.hmm results/BUSCO_output_velveth21/prodigal_output/predicted_genes/predicted.faa 
# Current dir:     /home/simonedassisi/velvet-1.2.10
# Date:            Wed Apr  2 19:24:14 2025
# [ok]
