#                                                                                                          --- full sequence --- -------------- this domain -------------   hmm coord   ali coord   env coord
# target name                                      accession   tlen query name           accession   qlen   E-value  score  bias   #  of  c-Evalue  i-Evalue  score  bias  from    to  from    to  from    to  acc description of target
#                              ------------------- ---------- ----- -------------------- ---------- ----- --------- ------ ----- --- --- --------- --------- ------ ----- ----- ----- ----- ----- ----- ----- ---- ---------------------
NODE_1441_length_52686_cov_76.197510:43847-44683|- -            279 9963                 -            270  2.2e-166  550.2   2.4   1   1  2.8e-169  2.5e-166  550.0   2.4     1   269     1   269     1   270 1.00 NODE_1441_length_52686_cov_76.197510_49 # 43847 # 44683 # -1 # ID=633_49;partial=00;start_type=ATG;rbs_motif=None;rbs_spacer=None;gc_cont=0.497
NODE_475_length_403_cov_208.863525:1-423|+         -            141 9963                 -            270   3.9e-50  169.0   3.0   1   1   4.9e-53   4.4e-50  168.8   3.0    86   227     2   140     1   141 0.96 NODE_475_length_403_cov_208.863525_1 # 1 # 423 # 1 # ID=193_1;partial=11;start_type=Edge;rbs_motif=None;rbs_spacer=None;gc_cont=0.452
NODE_2540_length_108_cov_215.898148:1-126|+        -             42 9963                 -            270   1.7e-12   45.5   0.0   1   1   2.1e-15   1.8e-12   45.5   0.0    25    66     1    42     1    42 0.97 NODE_2540_length_108_cov_215.898148_1 # 1 # 126 # 1 # ID=1334_1;partial=11;start_type=Edge;rbs_motif=None;rbs_spacer=None;gc_cont=0.484
NODE_471_length_862_cov_49.025520:3-215|+          -             71 9963                 -            270   2.6e-05   22.0   0.0   1   1   3.2e-08   2.8e-05   21.9   0.0   223   267     1    45     1    48 0.95 NODE_471_length_862_cov_49.025520_1 # 3 # 215 # 1 # ID=189_1;partial=10;start_type=Edge;rbs_motif=None;rbs_spacer=None;gc_cont=0.512
NODE_474_length_1647_cov_87.450516:3-212|+         -             70 9963                 -            270   7.3e-05   20.5   0.1   1   1   9.1e-08     8e-05   20.4   0.1   223   266     1    44     1    48 0.92 NODE_474_length_1647_cov_87.450516_1 # 3 # 212 # 1 # ID=192_1;partial=10;start_type=Edge;rbs_motif=None;rbs_spacer=None;gc_cont=0.467
NODE_2539_length_60_cov_92.466667:1-78|+           -             26 9963                 -            270   0.00014   19.6   0.0   1   1   1.6e-07   0.00014   19.6   0.0     7    28     3    24     1    26 0.93 NODE_2539_length_60_cov_92.466667_1 # 1 # 78 # 1 # ID=1333_1;partial=11;start_type=Edge;rbs_motif=None;rbs_spacer=None;gc_cont=0.513
#
# Program:         hmmsearch
# Version:         3.4 (Aug 2023)
# Pipeline mode:   SEARCH
# Query file:      /home/simonedassisi/velvet-1.2.10/busco_downloads/lineages/enterobacteriaceae_odb12/hmms/9963at543.hmm
# Target file:     results/BUSCO_output_velveth21/prodigal_output/predicted_genes/predicted.faa
# Option settings: hmmsearch --domtblout results/BUSCO_output_velveth21/run_enterobacteriaceae_odb12/hmmer_output/9963at543.out --cpu 1 /home/simonedassisi/velvet-1.2.10/busco_downloads/lineages/enterobacteriaceae_odb12/hmms/9963at543.hmm results/BUSCO_output_velveth21/prodigal_output/predicted_genes/predicted.faa 
# Current dir:     /home/simonedassisi/velvet-1.2.10
# Date:            Wed Apr  2 19:24:17 2025
# [ok]
