#                                                                                                         --- full sequence --- -------------- this domain -------------   hmm coord   ali coord   env coord
# target name                                     accession   tlen query name           accession   qlen   E-value  score  bias   #  of  c-Evalue  i-Evalue  score  bias  from    to  from    to  from    to  acc description of target
#                             ------------------- ---------- ----- -------------------- ---------- ----- --------- ------ ----- --- --- --------- --------- ------ ----- ----- ----- ----- ----- ----- ----- ---- ---------------------
NODE_2_length_157429_cov_38.171358:28983-30119|+  -            379 1002                 -            375  1.4e-213  706.9   0.0   1   1  1.5e-216  1.5e-213  706.8   0.0     1   375     1   375     1   375 1.00 NODE_2_length_157429_cov_38.171358_27 # 28983 # 30119 # 1 # ID=2_27;partial=00;start_type=GTG;rbs_motif=GGA/GAG/AGG;rbs_spacer=5-10bp;gc_cont=0.529
NODE_35_length_52795_cov_36.978564:6119-7108|+    -            330 1002                 -            375   1.5e-25   88.0   0.0   1   1   3.3e-27   3.3e-24   83.7   0.0    54   241    64   267    58   275 0.86 NODE_35_length_52795_cov_36.978564_6 # 6119 # 7108 # 1 # ID=35_6;partial=00;start_type=ATG;rbs_motif=GGAG/GAGG;rbs_spacer=5-10bp;gc_cont=0.500
NODE_1_length_276430_cov_40.515391:34112-35086|-  -            325 1002                 -            375   1.7e-25   87.9   0.2   1   2    0.0031       3.2    4.7   0.1    23   109    29   117     9   126 0.74 NODE_1_length_276430_cov_40.515391_34 # 34112 # 35086 # -1 # ID=1_34;partial=00;start_type=ATG;rbs_motif=GGAG/GAGG;rbs_spacer=5-10bp;gc_cont=0.521
NODE_1_length_276430_cov_40.515391:34112-35086|-  -            325 1002                 -            375   1.7e-25   87.9   0.2   2   2   1.7e-26   1.7e-23   81.3   0.0   114   263   143   294   137   310 0.88 NODE_1_length_276430_cov_40.515391_34 # 34112 # 35086 # -1 # ID=1_34;partial=00;start_type=ATG;rbs_motif=GGAG/GAGG;rbs_spacer=5-10bp;gc_cont=0.521
NODE_11_length_117034_cov_40.464403:59539-60771|- -            411 1002                 -            375   3.1e-25   87.1   0.0   1   1   2.7e-27   2.8e-24   83.9   0.0    32   264    48   302    41   322 0.84 NODE_11_length_117034_cov_40.464403_49 # 59539 # 60771 # -1 # ID=11_49;partial=00;start_type=ATG;rbs_motif=AGGA;rbs_spacer=5-10bp;gc_cont=0.526
NODE_20_length_84241_cov_37.036046:611-1549|+     -            313 1002                 -            375   2.7e-10   37.9   0.0   1   1   4.1e-13   4.1e-10   37.3   0.0   112   258   132   279   129   295 0.82 NODE_20_length_84241_cov_37.036046_1 # 611 # 1549 # 1 # ID=20_1;partial=00;start_type=ATG;rbs_motif=GGAG/GAGG;rbs_spacer=5-10bp;gc_cont=0.513
#
# Program:         hmmsearch
# Version:         3.4 (Aug 2023)
# Pipeline mode:   SEARCH
# Query file:      /home/simonedassisi/busco_downloads/lineages/enterobacteriaceae_odb12/hmms/1002at543.hmm
# Target file:     home/simonedassisi/Desktop/BUSCO_output/prodigal_output/predicted_genes/predicted.faa
# Option settings: hmmsearch --domtblout home/simonedassisi/Desktop/BUSCO_output/run_enterobacteriaceae_odb12/hmmer_output/1002at543.out --cpu 1 /home/simonedassisi/busco_downloads/lineages/enterobacteriaceae_odb12/hmms/1002at543.hmm home/simonedassisi/Desktop/BUSCO_output/prodigal_output/predicted_genes/predicted.faa 
# Current dir:     /home/simonedassisi
# Date:            Tue Apr  1 14:30:09 2025
# [ok]
