#                                                                                                        --- full sequence --- -------------- this domain -------------   hmm coord   ali coord   env coord
# target name                                    accession   tlen query name           accession   qlen   E-value  score  bias   #  of  c-Evalue  i-Evalue  score  bias  from    to  from    to  from    to  acc description of target
#                            ------------------- ---------- ----- -------------------- ---------- ----- --------- ------ ----- --- --- --------- --------- ------ ----- ----- ----- ----- ----- ----- ----- ---- ---------------------
NODE_31_length_58399_cov_38.812466:29764-31146|- -            461 1341                 -            460         0 1027.0   0.5   1   1         0         0 1026.8   0.5     1   460     1   460     1   460 1.00 NODE_31_length_58399_cov_38.812466_27 # 29764 # 31146 # -1 # ID=31_27;partial=00;start_type=GTG;rbs_motif=GGAG/GAGG;rbs_spacer=5-10bp;gc_cont=0.575
NODE_19_length_85129_cov_38.767276:15616-17970|- -            785 1341                 -            460   2.2e-08   31.4   0.0   1   1   4.9e-11   4.2e-08   30.5   0.0   356   456   662   769   643   773 0.88 NODE_19_length_85129_cov_38.767276_17 # 15616 # 17970 # -1 # ID=19_17;partial=00;start_type=ATG;rbs_motif=GGA/GAG/AGG;rbs_spacer=5-10bp;gc_cont=0.525
NODE_60_length_26402_cov_36.807041:20391-21452|+ -            354 1341                 -            460   1.1e-06   25.8   0.1   1   1   1.9e-09   1.6e-06   25.3   0.1    54   183    18   151     2   182 0.79 NODE_60_length_26402_cov_36.807041_21 # 20391 # 21452 # 1 # ID=60_21;partial=00;start_type=ATG;rbs_motif=AGGAG;rbs_spacer=5-10bp;gc_cont=0.539
NODE_14_length_92032_cov_37.540264:71718-73478|+ -            587 1341                 -            460    0.0037   14.2   0.0   1   1   6.8e-06    0.0057   13.6   0.0   369   437   435   510   430   542 0.75 NODE_14_length_92032_cov_37.540264_68 # 71718 # 73478 # 1 # ID=14_68;partial=00;start_type=TTG;rbs_motif=None;rbs_spacer=None;gc_cont=0.519
NODE_8_length_126545_cov_41.885285:636-1394|-    -            253 1341                 -            460     0.013   12.4   0.0   1   2   3.8e-05     0.032   11.1   0.0    69   166    13   112     7   122 0.79 NODE_8_length_126545_cov_41.885285_2 # 636 # 1394 # -1 # ID=8_2;partial=00;start_type=ATG;rbs_motif=GGAG/GAGG;rbs_spacer=5-10bp;gc_cont=0.476
NODE_8_length_126545_cov_41.885285:636-1394|-    -            253 1341                 -            460     0.013   12.4   0.0   2   2      0.39   3.3e+02   -2.1   0.0   319   360   179   220   169   226 0.71 NODE_8_length_126545_cov_41.885285_2 # 636 # 1394 # -1 # ID=8_2;partial=00;start_type=ATG;rbs_motif=GGAG/GAGG;rbs_spacer=5-10bp;gc_cont=0.476
NODE_41_length_44791_cov_39.437601:8740-9612|+   -            291 1341                 -            460     0.041   10.8   0.0   1   1   6.9e-05     0.058   10.3   0.0   102   153   111   162   104   193 0.81 NODE_41_length_44791_cov_39.437601_12 # 8740 # 9612 # 1 # ID=41_12;partial=00;start_type=ATG;rbs_motif=AGGAG;rbs_spacer=5-10bp;gc_cont=0.553
#
# Program:         hmmsearch
# Version:         3.4 (Aug 2023)
# Pipeline mode:   SEARCH
# Query file:      /home/simonedassisi/busco_downloads/lineages/enterobacteriaceae_odb12/hmms/1341at543.hmm
# Target file:     home/simonedassisi/Desktop/BUSCO_output/prodigal_output/predicted_genes/predicted.faa
# Option settings: hmmsearch --domtblout home/simonedassisi/Desktop/BUSCO_output/run_enterobacteriaceae_odb12/hmmer_output/1341at543.out --cpu 1 /home/simonedassisi/busco_downloads/lineages/enterobacteriaceae_odb12/hmms/1341at543.hmm home/simonedassisi/Desktop/BUSCO_output/prodigal_output/predicted_genes/predicted.faa 
# Current dir:     /home/simonedassisi
# Date:            Tue Apr  1 14:30:11 2025
# [ok]
