#                                                                                                        --- full sequence --- -------------- this domain -------------   hmm coord   ali coord   env coord
# target name                                    accession   tlen query name           accession   qlen   E-value  score  bias   #  of  c-Evalue  i-Evalue  score  bias  from    to  from    to  from    to  acc description of target
#                            ------------------- ---------- ----- -------------------- ---------- ----- --------- ------ ----- --- --- --------- --------- ------ ----- ----- ----- ----- ----- ----- ----- ---- ---------------------
NODE_19_length_85129_cov_38.767276:46382-47353|- -            324 1363                 -            322  4.7e-185  612.3   1.8   1   1  3.1e-188  5.3e-185  612.1   1.8     1   322     1   323     1   323 0.99 NODE_19_length_85129_cov_38.767276_47 # 46382 # 47353 # -1 # ID=19_47;partial=00;start_type=GTG;rbs_motif=AGGAG;rbs_spacer=5-10bp;gc_cont=0.515
NODE_19_length_85129_cov_38.767276:47364-49178|- -            605 1363                 -            322   5.1e-12   43.7   9.5   1   3     0.017        29    1.7   0.0    41    90   105   162   101   194 0.73 NODE_19_length_85129_cov_38.767276_48 # 47364 # 49178 # -1 # ID=19_48;partial=00;start_type=ATG;rbs_motif=GGA/GAG/AGG;rbs_spacer=5-10bp;gc_cont=0.535
NODE_19_length_85129_cov_38.767276:47364-49178|- -            605 1363                 -            322   5.1e-12   43.7   9.5   2   3    0.0013       2.2    5.4   0.0    66   106   218   257   212   281 0.85 NODE_19_length_85129_cov_38.767276_48 # 47364 # 49178 # -1 # ID=19_48;partial=00;start_type=ATG;rbs_motif=GGA/GAG/AGG;rbs_spacer=5-10bp;gc_cont=0.535
NODE_19_length_85129_cov_38.767276:47364-49178|- -            605 1363                 -            322   5.1e-12   43.7   9.5   3   3   1.5e-12   2.5e-09   34.8   7.2   131   293   428   588   329   602 0.85 NODE_19_length_85129_cov_38.767276_48 # 47364 # 49178 # -1 # ID=19_48;partial=00;start_type=ATG;rbs_motif=GGA/GAG/AGG;rbs_spacer=5-10bp;gc_cont=0.535
NODE_1_length_276430_cov_40.515391:90374-93487|- -           1038 1363                 -            322       1.1    6.4  22.8   1   2   1.8e-05      0.03   11.5  11.4   149   290   344   488   321   500 0.76 NODE_1_length_276430_cov_40.515391_79 # 90374 # 93487 # -1 # ID=1_79;partial=00;start_type=ATG;rbs_motif=GGA/GAG/AGG;rbs_spacer=5-10bp;gc_cont=0.529
NODE_1_length_276430_cov_40.515391:90374-93487|- -           1038 1363                 -            322       1.1    6.4  22.8   2   2     0.069   1.2e+02   -0.2   3.6   134   267   859   993   854  1028 0.74 NODE_1_length_276430_cov_40.515391_79 # 90374 # 93487 # -1 # ID=1_79;partial=00;start_type=ATG;rbs_motif=GGA/GAG/AGG;rbs_spacer=5-10bp;gc_cont=0.529
#
# Program:         hmmsearch
# Version:         3.4 (Aug 2023)
# Pipeline mode:   SEARCH
# Query file:      /home/simonedassisi/busco_downloads/lineages/enterobacteriaceae_odb12/hmms/1363at543.hmm
# Target file:     home/simonedassisi/Desktop/BUSCO_output/prodigal_output/predicted_genes/predicted.faa
# Option settings: hmmsearch --domtblout home/simonedassisi/Desktop/BUSCO_output/run_enterobacteriaceae_odb12/hmmer_output/1363at543.out --cpu 1 /home/simonedassisi/busco_downloads/lineages/enterobacteriaceae_odb12/hmms/1363at543.hmm home/simonedassisi/Desktop/BUSCO_output/prodigal_output/predicted_genes/predicted.faa 
# Current dir:     /home/simonedassisi
# Date:            Tue Apr  1 14:30:11 2025
# [ok]
