#                                                                                                        --- full sequence --- -------------- this domain -------------   hmm coord   ali coord   env coord
# target name                                    accession   tlen query name           accession   qlen   E-value  score  bias   #  of  c-Evalue  i-Evalue  score  bias  from    to  from    to  from    to  acc description of target
#                            ------------------- ---------- ----- -------------------- ---------- ----- --------- ------ ----- --- --- --------- --------- ------ ----- ----- ----- ----- ----- ----- ----- ---- ---------------------
NODE_22_length_80627_cov_36.893466:47905-48669|+ -            255 1703                 -            238  1.3e-125  416.0  17.3   1   1  1.2e-128  1.5e-125  415.8  17.3     1   237     1   237     1   238 0.99 NODE_22_length_80627_cov_36.893466_48 # 47905 # 48669 # 1 # ID=22_48;partial=00;start_type=ATG;rbs_motif=AGGAG;rbs_spacer=5-10bp;gc_cont=0.505
NODE_28_length_70179_cov_36.796251:61685-62281|- -            199 1703                 -            238   7.7e-06   23.9   7.7   1   2     0.036        46    1.7   1.4    54   107    34    85    19    91 0.68 NODE_28_length_70179_cov_36.796251_55 # 61685 # 62281 # -1 # ID=28_55;partial=00;start_type=ATG;rbs_motif=GGA/GAG/AGG;rbs_spacer=3-4bp;gc_cont=0.514
NODE_28_length_70179_cov_36.796251:61685-62281|- -            199 1703                 -            238   7.7e-06   23.9   7.7   2   2   6.1e-09   7.7e-06   23.9   7.7   155   231    97   169    90   176 0.70 NODE_28_length_70179_cov_36.796251_55 # 61685 # 62281 # -1 # ID=28_55;partial=00;start_type=ATG;rbs_motif=GGA/GAG/AGG;rbs_spacer=3-4bp;gc_cont=0.514
NODE_7_length_130108_cov_39.332856:2809-4143|+   -            445 1703                 -            238      0.01   13.6   4.8   1   1   1.8e-05     0.022   12.6   4.8     5    66   144   201   141   213 0.83 NODE_7_length_130108_cov_39.332856_2 # 2809 # 4143 # 1 # ID=7_2;partial=00;start_type=ATG;rbs_motif=AGGAG;rbs_spacer=5-10bp;gc_cont=0.496
NODE_3_length_152663_cov_37.088930:6560-7273|-   -            238 1703                 -            238       2.9    5.6  11.4   1   2     0.061        77    1.0   0.5    54    96    71   113    43   126 0.77 NODE_3_length_152663_cov_37.088930_6 # 6560 # 7273 # -1 # ID=3_6;partial=00;start_type=ATG;rbs_motif=GGA/GAG/AGG;rbs_spacer=5-10bp;gc_cont=0.440
NODE_3_length_152663_cov_37.088930:6560-7273|-   -            238 1703                 -            238       2.9    5.6  11.4   2   2   0.00025      0.31    8.8   4.7   158   222   145   205   123   220 0.62 NODE_3_length_152663_cov_37.088930_6 # 6560 # 7273 # -1 # ID=3_6;partial=00;start_type=ATG;rbs_motif=GGA/GAG/AGG;rbs_spacer=5-10bp;gc_cont=0.440
#
# Program:         hmmsearch
# Version:         3.4 (Aug 2023)
# Pipeline mode:   SEARCH
# Query file:      /home/simonedassisi/busco_downloads/lineages/enterobacteriaceae_odb12/hmms/1703at543.hmm
# Target file:     home/simonedassisi/Desktop/BUSCO_output/prodigal_output/predicted_genes/predicted.faa
# Option settings: hmmsearch --domtblout home/simonedassisi/Desktop/BUSCO_output/run_enterobacteriaceae_odb12/hmmer_output/1703at543.out --cpu 1 /home/simonedassisi/busco_downloads/lineages/enterobacteriaceae_odb12/hmms/1703at543.hmm home/simonedassisi/Desktop/BUSCO_output/prodigal_output/predicted_genes/predicted.faa 
# Current dir:     /home/simonedassisi
# Date:            Tue Apr  1 14:30:12 2025
# [ok]
