#                                                                                                        --- full sequence --- -------------- this domain -------------   hmm coord   ali coord   env coord
# target name                                    accession   tlen query name           accession   qlen   E-value  score  bias   #  of  c-Evalue  i-Evalue  score  bias  from    to  from    to  from    to  acc description of target
#                            ------------------- ---------- ----- -------------------- ---------- ----- --------- ------ ----- --- --- --------- --------- ------ ----- ----- ----- ----- ----- ----- ----- ---- ---------------------
NODE_13_length_92664_cov_37.475885:33408-33665|- -             86 1710                 -             84   2.5e-55  182.6   1.0   1   1   3.3e-58   2.7e-55  182.5   1.0     1    84     1    84     1    84 0.99 NODE_13_length_92664_cov_37.475885_38 # 33408 # 33665 # -1 # ID=13_38;partial=00;start_type=ATG;rbs_motif=GGA/GAG/AGG;rbs_spacer=5-10bp;gc_cont=0.504
NODE_3_length_152663_cov_37.088930:12632-13762|+ -            377 1710                 -             84   4.7e-15   53.6   0.1   1   2       1.2   9.7e+02   -1.9   0.0    51    68   193   210   188   217 0.86 NODE_3_length_152663_cov_37.088930_12 # 12632 # 13762 # 1 # ID=3_12;partial=00;start_type=ATG;rbs_motif=GGAG/GAGG;rbs_spacer=5-10bp;gc_cont=0.560
NODE_3_length_152663_cov_37.088930:12632-13762|+ -            377 1710                 -             84   4.7e-15   53.6   0.1   2   2   2.1e-17   1.8e-14   51.7   0.1     5    77   289   364   285   370 0.91 NODE_3_length_152663_cov_37.088930_12 # 12632 # 13762 # 1 # ID=3_12;partial=00;start_type=ATG;rbs_motif=GGAG/GAGG;rbs_spacer=5-10bp;gc_cont=0.560
NODE_8_length_126545_cov_41.885285:68285-68557|- -             91 1710                 -             84   5.9e-11   40.4   0.1   1   1   8.6e-14   7.3e-11   40.1   0.1     3    81     4    83     2    85 0.93 NODE_8_length_126545_cov_41.885285_60 # 68285 # 68557 # -1 # ID=8_60;partial=00;start_type=ATG;rbs_motif=GGA/GAG/AGG;rbs_spacer=11-12bp;gc_cont=0.509
NODE_71_length_16748_cov_35.319114:7790-9208|+   -            473 1710                 -             84   6.5e-08   30.7   0.0   1   1   2.3e-10   1.9e-07   29.2   0.0     6    74   160   228   157   236 0.93 NODE_71_length_16748_cov_35.319114_7 # 7790 # 9208 # 1 # ID=71_7;partial=00;start_type=ATG;rbs_motif=AGGA;rbs_spacer=5-10bp;gc_cont=0.498
NODE_13_length_92664_cov_37.475885:61593-64088|+ -            832 1710                 -             84   7.9e-06   24.0   0.0   1   1   1.9e-08   1.6e-05   23.0   0.0    10    77    10    79     1    86 0.79 NODE_13_length_92664_cov_37.475885_64 # 61593 # 64088 # 1 # ID=13_64;partial=00;start_type=ATG;rbs_motif=GGAG/GAGG;rbs_spacer=5-10bp;gc_cont=0.551
NODE_42_length_44050_cov_40.658288:27140-29641|+ -            834 1710                 -             84    0.0001   20.5   0.0   1   1   2.7e-07   0.00023   19.3   0.0     6    80     7    83     4    86 0.85 NODE_42_length_44050_cov_40.658288_22 # 27140 # 29641 # 1 # ID=42_22;partial=00;start_type=ATG;rbs_motif=GGAG/GAGG;rbs_spacer=5-10bp;gc_cont=0.551
#
# Program:         hmmsearch
# Version:         3.4 (Aug 2023)
# Pipeline mode:   SEARCH
# Query file:      /home/simonedassisi/busco_downloads/lineages/enterobacteriaceae_odb12/hmms/1710at543.hmm
# Target file:     home/simonedassisi/Desktop/BUSCO_output/prodigal_output/predicted_genes/predicted.faa
# Option settings: hmmsearch --domtblout home/simonedassisi/Desktop/BUSCO_output/run_enterobacteriaceae_odb12/hmmer_output/1710at543.out --cpu 1 /home/simonedassisi/busco_downloads/lineages/enterobacteriaceae_odb12/hmms/1710at543.hmm home/simonedassisi/Desktop/BUSCO_output/prodigal_output/predicted_genes/predicted.faa 
# Current dir:     /home/simonedassisi
# Date:            Tue Apr  1 14:30:12 2025
# [ok]
