#                                                                                                          --- full sequence --- -------------- this domain -------------   hmm coord   ali coord   env coord
# target name                                      accession   tlen query name           accession   qlen   E-value  score  bias   #  of  c-Evalue  i-Evalue  score  bias  from    to  from    to  from    to  acc description of target
#                              ------------------- ---------- ----- -------------------- ---------- ----- --------- ------ ----- --- --- --------- --------- ------ ----- ----- ----- ----- ----- ----- ----- ---- ---------------------
NODE_29_length_69919_cov_43.020805:8666-11107|-    -            814 20358                -            813         0 1714.1   0.4   1   1         0         0 1713.9   0.4     1   812     1   812     1   813 1.00 NODE_29_length_69919_cov_43.020805_12 # 8666 # 11107 # -1 # ID=29_12;partial=00;start_type=ATG;rbs_motif=GGAGG;rbs_spacer=5-10bp;gc_cont=0.552
NODE_22_length_80627_cov_36.893466:55551-57485|-   -            645 20358                -            813   1.2e-63  213.6   0.1   1   1   2.7e-65   3.4e-62  208.9   0.1    81   720    18   638     3   641 0.86 NODE_22_length_80627_cov_36.893466_57 # 55551 # 57485 # -1 # ID=22_57;partial=00;start_type=ATG;rbs_motif=None;rbs_spacer=None;gc_cont=0.532
NODE_36_length_50779_cov_38.268459:34740-36413|-   -            558 20358                -            813   2.2e-07   27.6   7.9   1   4    0.0045       5.6    3.1   0.0   642   677   190   223   158   237 0.89 NODE_36_length_50779_cov_38.268459_28 # 34740 # 36413 # -1 # ID=36_28;partial=00;start_type=ATG;rbs_motif=None;rbs_spacer=None;gc_cont=0.512
NODE_36_length_50779_cov_38.268459:34740-36413|-   -            558 20358                -            813   2.2e-07   27.6   7.9   2   4     1e-05     0.013   11.8   0.1   644   731   277   353   274   363 0.80 NODE_36_length_50779_cov_38.268459_28 # 34740 # 36413 # -1 # ID=36_28;partial=00;start_type=ATG;rbs_motif=None;rbs_spacer=None;gc_cont=0.512
NODE_36_length_50779_cov_38.268459:34740-36413|-   -            558 20358                -            813   2.2e-07   27.6   7.9   3   4   5.1e-06    0.0064   12.8   0.2   643   721   363   430   354   450 0.80 NODE_36_length_50779_cov_38.268459_28 # 34740 # 36413 # -1 # ID=36_28;partial=00;start_type=ATG;rbs_motif=None;rbs_spacer=None;gc_cont=0.512
NODE_36_length_50779_cov_38.268459:34740-36413|-   -            558 20358                -            813   2.2e-07   27.6   7.9   4   4     0.013        16    1.6   0.2   696   748   491   543   475   556 0.75 NODE_36_length_50779_cov_38.268459_28 # 34740 # 36413 # -1 # ID=36_28;partial=00;start_type=ATG;rbs_motif=None;rbs_spacer=None;gc_cont=0.512
NODE_1_length_276430_cov_40.515391:207741-210062|- -            774 20358                -            813   1.5e-06   24.9   0.0   1   1   1.9e-09   2.4e-06   24.2   0.0   642   745   649   740   635   772 0.73 NODE_1_length_276430_cov_40.515391_183 # 207741 # 210062 # -1 # ID=1_183;partial=00;start_type=ATG;rbs_motif=None;rbs_spacer=None;gc_cont=0.570
#
# Program:         hmmsearch
# Version:         3.4 (Aug 2023)
# Pipeline mode:   SEARCH
# Query file:      /home/simonedassisi/busco_downloads/lineages/enterobacteriaceae_odb12/hmms/20358at543.hmm
# Target file:     home/simonedassisi/Desktop/BUSCO_output/prodigal_output/predicted_genes/predicted.faa
# Option settings: hmmsearch --domtblout home/simonedassisi/Desktop/BUSCO_output/run_enterobacteriaceae_odb12/hmmer_output/20358at543.out --cpu 1 /home/simonedassisi/busco_downloads/lineages/enterobacteriaceae_odb12/hmms/20358at543.hmm home/simonedassisi/Desktop/BUSCO_output/prodigal_output/predicted_genes/predicted.faa 
# Current dir:     /home/simonedassisi
# Date:            Tue Apr  1 14:30:14 2025
# [ok]
