#                                                                                                         --- full sequence --- -------------- this domain -------------   hmm coord   ali coord   env coord
# target name                                     accession   tlen query name           accession   qlen   E-value  score  bias   #  of  c-Evalue  i-Evalue  score  bias  from    to  from    to  from    to  acc description of target
#                             ------------------- ---------- ----- -------------------- ---------- ----- --------- ------ ----- --- --- --------- --------- ------ ----- ----- ----- ----- ----- ----- ----- ---- ---------------------
NODE_20_length_84241_cov_37.036046:47665-48624|+  -            320 2065                 -            311  6.2e-175  578.7   0.1   1   1    7e-178    7e-175  578.6   0.1     1   311     2   317     2   317 0.98 NODE_20_length_84241_cov_37.036046_52 # 47665 # 48624 # 1 # ID=20_52;partial=00;start_type=ATG;rbs_motif=None;rbs_spacer=None;gc_cont=0.515
NODE_34_length_53173_cov_42.168382:3839-4819|-    -            327 2065                 -            311   2.6e-84  281.1   0.1   1   1   3.2e-87   3.3e-84  280.7   0.1    10   310     9   313     2   314 0.90 NODE_34_length_53173_cov_42.168382_3 # 3839 # 4819 # -1 # ID=34_3;partial=00;start_type=ATG;rbs_motif=AGxAG;rbs_spacer=5-10bp;gc_cont=0.528
NODE_4_length_139564_cov_44.158667:93914-94573|+  -            220 2065                 -            311   4.1e-47  158.9   0.0   1   1   4.8e-50   4.9e-47  158.6   0.0    91   299    15   218     6   219 0.92 NODE_4_length_139564_cov_44.158667_80 # 93914 # 94573 # 1 # ID=4_80;partial=00;start_type=ATG;rbs_motif=GGAG/GAGG;rbs_spacer=5-10bp;gc_cont=0.542
NODE_12_length_106079_cov_39.536715:69251-70033|+ -            261 2065                 -            311     2e-42  143.5   0.2   1   1   2.7e-45   2.7e-42  143.0   0.2    91   307     3   232     1   234 0.84 NODE_12_length_106079_cov_39.536715_62 # 69251 # 70033 # 1 # ID=12_62;partial=00;start_type=ATG;rbs_motif=GGA/GAG/AGG;rbs_spacer=11-12bp;gc_cont=0.538
NODE_58_length_27727_cov_38.767101:3809-4681|-    -            291 2065                 -            311    0.0011   16.3   0.3   1   2    0.0023       2.4    5.3   0.0    34    69    21    56     8    65 0.86 NODE_58_length_27727_cov_38.767101_5 # 3809 # 4681 # -1 # ID=58_5;partial=00;start_type=ATG;rbs_motif=AGGAG;rbs_spacer=5-10bp;gc_cont=0.510
NODE_58_length_27727_cov_38.767101:3809-4681|-    -            291 2065                 -            311    0.0011   16.3   0.3   2   2   0.00018      0.18    8.9   0.1    95   160    65   126    63   146 0.79 NODE_58_length_27727_cov_38.767101_5 # 3809 # 4681 # -1 # ID=58_5;partial=00;start_type=ATG;rbs_motif=AGGAG;rbs_spacer=5-10bp;gc_cont=0.510
#
# Program:         hmmsearch
# Version:         3.4 (Aug 2023)
# Pipeline mode:   SEARCH
# Query file:      /home/simonedassisi/busco_downloads/lineages/enterobacteriaceae_odb12/hmms/2065at543.hmm
# Target file:     home/simonedassisi/Desktop/BUSCO_output/prodigal_output/predicted_genes/predicted.faa
# Option settings: hmmsearch --domtblout home/simonedassisi/Desktop/BUSCO_output/run_enterobacteriaceae_odb12/hmmer_output/2065at543.out --cpu 1 /home/simonedassisi/busco_downloads/lineages/enterobacteriaceae_odb12/hmms/2065at543.hmm home/simonedassisi/Desktop/BUSCO_output/prodigal_output/predicted_genes/predicted.faa 
# Current dir:     /home/simonedassisi
# Date:            Tue Apr  1 14:30:14 2025
# [ok]
