#                                                                                                        --- full sequence --- -------------- this domain -------------   hmm coord   ali coord   env coord
# target name                                    accession   tlen query name           accession   qlen   E-value  score  bias   #  of  c-Evalue  i-Evalue  score  bias  from    to  from    to  from    to  acc description of target
#                            ------------------- ---------- ----- -------------------- ---------- ----- --------- ------ ----- --- --- --------- --------- ------ ----- ----- ----- ----- ----- ----- ----- ---- ---------------------
NODE_30_length_69036_cov_41.149327:62105-62560|+ -            152 2147                 -            151   1.4e-96  319.1   1.9   1   1   1.8e-99   1.5e-96  319.0   1.9     1   151     1   151     1   151 1.00 NODE_30_length_69036_cov_41.149327_56 # 62105 # 62560 # 1 # ID=30_56;partial=00;start_type=ATG;rbs_motif=AGGAG;rbs_spacer=5-10bp;gc_cont=0.526
NODE_132_length_2062_cov_30.936434:567-1925|+    -            453 2147                 -            151    0.0003   19.4   0.0   1   1   6.2e-07   0.00052   18.6   0.0    36   123   318   406   302   416 0.81 NODE_132_length_2062_cov_30.936434_1 # 567 # 1925 # 1 # ID=132_1;partial=00;start_type=ATG;rbs_motif=None;rbs_spacer=None;gc_cont=0.386
NODE_61_length_24817_cov_40.631511:3-230|-       -             76 2147                 -            151    0.0006   18.4   0.2   1   1   7.5e-07   0.00063   18.3   0.2   113   149    34    70     4    72 0.85 NODE_61_length_24817_cov_40.631511_1 # 3 # 230 # -1 # ID=61_1;partial=00;start_type=ATG;rbs_motif=AGGAG;rbs_spacer=5-10bp;gc_cont=0.566
NODE_167_length_585_cov_109.877729:461-583|-     -             41 2147                 -            151    0.0024   16.4   0.1   1   1   2.9e-06    0.0024   16.4   0.1   117   149     3    35     1    37 0.86 NODE_167_length_585_cov_109.877729_2 # 461 # 583 # -1 # ID=167_2;partial=01;start_type=Edge;rbs_motif=None;rbs_spacer=None;gc_cont=0.561
NODE_28_length_70179_cov_36.796251:17083-17349|- -             89 2147                 -            151    0.0027   16.3   0.2   1   1   3.5e-06     0.003   16.1   0.2   110   146    35    71     9    76 0.87 NODE_28_length_70179_cov_36.796251_17 # 17083 # 17349 # -1 # ID=28_17;partial=00;start_type=ATG;rbs_motif=GGAGG;rbs_spacer=5-10bp;gc_cont=0.517
NODE_166_length_593_cov_36.087983:364-591|+      -             76 2147                 -            151    0.0071   14.9   0.2   1   1   9.5e-06     0.008   14.8   0.2   117   149    38    70    11    72 0.88 NODE_166_length_593_cov_36.087983_2 # 364 # 591 # 1 # ID=166_2;partial=00;start_type=ATG;rbs_motif=AGGAG;rbs_spacer=5-10bp;gc_cont=0.575
#
# Program:         hmmsearch
# Version:         3.4 (Aug 2023)
# Pipeline mode:   SEARCH
# Query file:      /home/simonedassisi/busco_downloads/lineages/enterobacteriaceae_odb12/hmms/2147at543.hmm
# Target file:     home/simonedassisi/Desktop/BUSCO_output/prodigal_output/predicted_genes/predicted.faa
# Option settings: hmmsearch --domtblout home/simonedassisi/Desktop/BUSCO_output/run_enterobacteriaceae_odb12/hmmer_output/2147at543.out --cpu 1 /home/simonedassisi/busco_downloads/lineages/enterobacteriaceae_odb12/hmms/2147at543.hmm home/simonedassisi/Desktop/BUSCO_output/prodigal_output/predicted_genes/predicted.faa 
# Current dir:     /home/simonedassisi
# Date:            Tue Apr  1 14:30:14 2025
# [ok]
