#                                                                                                        --- full sequence --- -------------- this domain -------------   hmm coord   ali coord   env coord
# target name                                    accession   tlen query name           accession   qlen   E-value  score  bias   #  of  c-Evalue  i-Evalue  score  bias  from    to  from    to  from    to  acc description of target
#                            ------------------- ---------- ----- -------------------- ---------- ----- --------- ------ ----- --- --- --------- --------- ------ ----- ----- ----- ----- ----- ----- ----- ---- ---------------------
NODE_16_length_86943_cov_42.279511:19006-19335|+ -            110 221                  -            108   4.6e-63  208.5   0.0   1   1   5.1e-66   5.1e-63  208.4   0.0     1   108     1   108     1   108 0.99 NODE_16_length_86943_cov_42.279511_16 # 19006 # 19335 # 1 # ID=16_16;partial=00;start_type=ATG;rbs_motif=GGAG/GAGG;rbs_spacer=5-10bp;gc_cont=0.509
NODE_9_length_123825_cov_37.296666:7151-7570|-   -            140 221                  -            108   2.4e-26   90.4   0.0   1   2       1.9   1.9e+03   -2.6   0.0    33    45     5    17     3    24 0.75 NODE_9_length_123825_cov_37.296666_6 # 7151 # 7570 # -1 # ID=9_6;partial=00;start_type=ATG;rbs_motif=GGAG/GAGG;rbs_spacer=5-10bp;gc_cont=0.495
NODE_9_length_123825_cov_37.296666:7151-7570|-   -            140 221                  -            108   2.4e-26   90.4   0.0   2   2   4.5e-29   4.5e-26   89.5   0.0     5   107    37   138    33   139 0.93 NODE_9_length_123825_cov_37.296666_6 # 7151 # 7570 # -1 # ID=9_6;partial=00;start_type=ATG;rbs_motif=GGAG/GAGG;rbs_spacer=5-10bp;gc_cont=0.495
NODE_21_length_83220_cov_38.326345:41740-42594|+ -            285 221                  -            108   8.6e-16   56.4   0.0   1   1   1.4e-18   1.4e-15   55.7   0.0     3   105     4   107     2   110 0.88 NODE_21_length_83220_cov_38.326345_41 # 41740 # 42594 # 1 # ID=21_41;partial=00;start_type=ATG;rbs_motif=GGA/GAG/AGG;rbs_spacer=5-10bp;gc_cont=0.564
NODE_66_length_21471_cov_38.343047:11623-12180|+ -            186 221                  -            108    0.0013   17.2   0.0   1   1     2e-06     0.002   16.6   0.0    13    47    60    94    53   113 0.86 NODE_66_length_21471_cov_38.343047_16 # 11623 # 12180 # 1 # ID=66_16;partial=00;start_type=ATG;rbs_motif=GGAGG;rbs_spacer=3-4bp;gc_cont=0.547
NODE_29_length_69919_cov_43.020805:52153-53850|+ -            566 221                  -            108    0.0046   15.5   0.0   1   1   1.1e-05     0.011   14.3   0.0    11    83   457   536   450   555 0.64 NODE_29_length_69919_cov_43.020805_52 # 52153 # 53850 # 1 # ID=29_52;partial=00;start_type=ATG;rbs_motif=None;rbs_spacer=None;gc_cont=0.541
#
# Program:         hmmsearch
# Version:         3.4 (Aug 2023)
# Pipeline mode:   SEARCH
# Query file:      /home/simonedassisi/busco_downloads/lineages/enterobacteriaceae_odb12/hmms/221at543.hmm
# Target file:     home/simonedassisi/Desktop/BUSCO_output/prodigal_output/predicted_genes/predicted.faa
# Option settings: hmmsearch --domtblout home/simonedassisi/Desktop/BUSCO_output/run_enterobacteriaceae_odb12/hmmer_output/221at543.out --cpu 1 /home/simonedassisi/busco_downloads/lineages/enterobacteriaceae_odb12/hmms/221at543.hmm home/simonedassisi/Desktop/BUSCO_output/prodigal_output/predicted_genes/predicted.faa 
# Current dir:     /home/simonedassisi
# Date:            Tue Apr  1 14:30:15 2025
# [ok]
