#                                                                                                        --- full sequence --- -------------- this domain -------------   hmm coord   ali coord   env coord
# target name                                    accession   tlen query name           accession   qlen   E-value  score  bias   #  of  c-Evalue  i-Evalue  score  bias  from    to  from    to  from    to  acc description of target
#                            ------------------- ---------- ----- -------------------- ---------- ----- --------- ------ ----- --- --- --------- --------- ------ ----- ----- ----- ----- ----- ----- ----- ---- ---------------------
NODE_2_length_157429_cov_38.171358:32093-32752|+ -            220 2262                 -            218  7.5e-134  442.5  12.9   1   1    1e-136  8.5e-134  442.3  12.9     1   217     1   217     1   218 0.99 NODE_2_length_157429_cov_38.171358_30 # 32093 # 32752 # 1 # ID=2_30;partial=00;start_type=ATG;rbs_motif=GGA/GAG/AGG;rbs_spacer=5-10bp;gc_cont=0.477
NODE_62_length_24769_cov_35.270392:2350-3012|+   -            221 2262                 -            218   2.1e-30  104.3   4.8   1   1   2.7e-33   2.3e-30  104.2   4.8    29   204    28   201     1   218 0.86 NODE_62_length_24769_cov_35.270392_3 # 2350 # 3012 # 1 # ID=62_3;partial=00;start_type=ATG;rbs_motif=AGGA;rbs_spacer=5-10bp;gc_cont=0.505
NODE_27_length_73011_cov_40.630920:48696-49355|+ -            220 2262                 -            218     4e-26   90.3   4.4   1   1   4.9e-29   4.1e-26   90.2   4.4    28   200    27   197     1   219 0.82 NODE_27_length_73011_cov_40.630920_51 # 48696 # 49355 # 1 # ID=27_51;partial=00;start_type=ATG;rbs_motif=AGGA;rbs_spacer=5-10bp;gc_cont=0.509
NODE_3_length_152663_cov_37.088930:49775-50353|- -            193 2262                 -            218   5.6e-15   53.8   0.5   1   1   8.6e-18   7.2e-15   53.5   0.5    41   207    13   179     5   189 0.82 NODE_3_length_152663_cov_37.088930_45 # 49775 # 50353 # -1 # ID=3_45;partial=00;start_type=ATG;rbs_motif=AGGA/GGAG/GAGG;rbs_spacer=11-12bp;gc_cont=0.544
NODE_4_length_139564_cov_44.158667:82230-82994|- -            255 2262                 -            218     3e-14   51.5   1.1   1   1   5.3e-17   4.5e-14   50.9   1.1    18   180     5   164     1   205 0.86 NODE_4_length_139564_cov_44.158667_73 # 82230 # 82994 # -1 # ID=4_73;partial=00;start_type=ATG;rbs_motif=GGA/GAG/AGG;rbs_spacer=5-10bp;gc_cont=0.545
NODE_38_length_48580_cov_35.344705:34022-34729|- -            236 2262                 -            218   3.8e-07   28.2   1.3   1   2      0.06        50    1.7   0.6    26    66     8    46     2    76 0.67 NODE_38_length_48580_cov_35.344705_34 # 34022 # 34729 # -1 # ID=38_34;partial=00;start_type=ATG;rbs_motif=AGGA;rbs_spacer=5-10bp;gc_cont=0.517
NODE_38_length_48580_cov_35.344705:34022-34729|- -            236 2262                 -            218   3.8e-07   28.2   1.3   2   2   4.5e-10   3.8e-07   28.2   1.3    81   202   105   223    99   235 0.77 NODE_38_length_48580_cov_35.344705_34 # 34022 # 34729 # -1 # ID=38_34;partial=00;start_type=ATG;rbs_motif=AGGA;rbs_spacer=5-10bp;gc_cont=0.517
#
# Program:         hmmsearch
# Version:         3.4 (Aug 2023)
# Pipeline mode:   SEARCH
# Query file:      /home/simonedassisi/busco_downloads/lineages/enterobacteriaceae_odb12/hmms/2262at543.hmm
# Target file:     home/simonedassisi/Desktop/BUSCO_output/prodigal_output/predicted_genes/predicted.faa
# Option settings: hmmsearch --domtblout home/simonedassisi/Desktop/BUSCO_output/run_enterobacteriaceae_odb12/hmmer_output/2262at543.out --cpu 1 /home/simonedassisi/busco_downloads/lineages/enterobacteriaceae_odb12/hmms/2262at543.hmm home/simonedassisi/Desktop/BUSCO_output/prodigal_output/predicted_genes/predicted.faa 
# Current dir:     /home/simonedassisi
# Date:            Tue Apr  1 14:30:15 2025
# [ok]
