#                                                                                                          --- full sequence --- -------------- this domain -------------   hmm coord   ali coord   env coord
# target name                                      accession   tlen query name           accession   qlen   E-value  score  bias   #  of  c-Evalue  i-Evalue  score  bias  from    to  from    to  from    to  acc description of target
#                              ------------------- ---------- ----- -------------------- ---------- ----- --------- ------ ----- --- --- --------- --------- ------ ----- ----- ----- ----- ----- ----- ----- ---- ---------------------
NODE_6_length_131096_cov_36.333598:107553-108524|- -            324 2385                 -            313    9e-190  627.5   2.0   1   1  1.4e-192    1e-189  627.3   2.0     1   313     1   321     1   321 0.96 NODE_6_length_131096_cov_36.333598_110 # 107553 # 108524 # -1 # ID=6_110;partial=00;start_type=GTG;rbs_motif=AGGAG;rbs_spacer=5-10bp;gc_cont=0.500
NODE_58_length_27727_cov_38.767101:7269-7763|+     -            165 2385                 -            313   2.6e-62  208.8   2.3   1   1   4.1e-65     3e-62  208.6   2.3   154   311     1   158     1   160 0.99 NODE_58_length_27727_cov_38.767101_9 # 7269 # 7763 # 1 # ID=58_9;partial=00;start_type=ATG;rbs_motif=AGGAG;rbs_spacer=5-10bp;gc_cont=0.457
NODE_65_length_22714_cov_39.243724:10177-10650|+   -            158 2385                 -            313     3e-34  116.6   0.4   1   1   4.5e-37   3.3e-34  116.5   0.4   155   309     3   156     1   157 0.93 NODE_65_length_22714_cov_39.243724_10 # 10177 # 10650 # 1 # ID=65_10;partial=00;start_type=ATG;rbs_motif=GGAG/GAGG;rbs_spacer=5-10bp;gc_cont=0.508
NODE_65_length_22714_cov_39.243724:16435-16911|+   -            159 2385                 -            313   7.2e-30  102.2   1.2   1   1   1.2e-32   8.3e-30  102.0   1.2   155   306     5   156     2   158 0.94 NODE_65_length_22714_cov_39.243724_17 # 16435 # 16911 # 1 # ID=65_17;partial=00;start_type=ATG;rbs_motif=GGAG/GAGG;rbs_spacer=5-10bp;gc_cont=0.440
NODE_65_length_22714_cov_39.243724:12326-12760|+   -            145 2385                 -            313     1e-21   75.4   0.0   1   1   1.6e-24   1.2e-21   75.2   0.0     3   130     2   128     1   140 0.94 NODE_65_length_22714_cov_39.243724_13 # 12326 # 12760 # 1 # ID=65_13;partial=00;start_type=ATG;rbs_motif=GGAG/GAGG;rbs_spacer=5-10bp;gc_cont=0.538
NODE_58_length_27727_cov_38.767101:6862-7269|+     -            136 2385                 -            313   1.1e-16   59.0   0.1   1   1   1.6e-19   1.1e-16   58.9   0.1     5   124     4   120     1   134 0.87 NODE_58_length_27727_cov_38.767101_8 # 6862 # 7269 # 1 # ID=58_8;partial=00;start_type=ATG;rbs_motif=AGGAGG;rbs_spacer=3-4bp;gc_cont=0.522
NODE_4_length_139564_cov_44.158667:9485-9925|-     -            147 2385                 -            313   1.8e-13   48.3   0.0   1   1   2.9e-16   2.1e-13   48.2   0.0     6   135     5   133     1   142 0.94 NODE_4_length_139564_cov_44.158667_12 # 9485 # 9925 # -1 # ID=4_12;partial=00;start_type=ATG;rbs_motif=AGGAG;rbs_spacer=5-10bp;gc_cont=0.501
#
# Program:         hmmsearch
# Version:         3.4 (Aug 2023)
# Pipeline mode:   SEARCH
# Query file:      /home/simonedassisi/busco_downloads/lineages/enterobacteriaceae_odb12/hmms/2385at543.hmm
# Target file:     home/simonedassisi/Desktop/BUSCO_output/prodigal_output/predicted_genes/predicted.faa
# Option settings: hmmsearch --domtblout home/simonedassisi/Desktop/BUSCO_output/run_enterobacteriaceae_odb12/hmmer_output/2385at543.out --cpu 1 /home/simonedassisi/busco_downloads/lineages/enterobacteriaceae_odb12/hmms/2385at543.hmm home/simonedassisi/Desktop/BUSCO_output/prodigal_output/predicted_genes/predicted.faa 
# Current dir:     /home/simonedassisi
# Date:            Tue Apr  1 14:30:15 2025
# [ok]
