#                                                                                                        --- full sequence --- -------------- this domain -------------   hmm coord   ali coord   env coord
# target name                                    accession   tlen query name           accession   qlen   E-value  score  bias   #  of  c-Evalue  i-Evalue  score  bias  from    to  from    to  from    to  acc description of target
#                            ------------------- ---------- ----- -------------------- ---------- ----- --------- ------ ----- --- --- --------- --------- ------ ----- ----- ----- ----- ----- ----- ----- ---- ---------------------
NODE_24_length_79963_cov_36.490030:2278-3015|-   -            246 2571                 -            244  1.7e-139  461.3   0.2   1   1  1.9e-142  1.9e-139  461.2   0.2     1   244     1   245     1   245 0.99 NODE_24_length_79963_cov_36.490030_4 # 2278 # 3015 # -1 # ID=24_4;partial=00;start_type=ATG;rbs_motif=GGAG/GAGG;rbs_spacer=5-10bp;gc_cont=0.558
NODE_24_length_79963_cov_36.490030:1520-2296|-   -            259 2571                 -            244   7.2e-22   76.1   0.2   1   1   8.6e-25   8.7e-22   75.9   0.2     2   230     6   237     5   247 0.87 NODE_24_length_79963_cov_36.490030_3 # 1520 # 2296 # -1 # ID=24_3;partial=00;start_type=ATG;rbs_motif=AGGAG;rbs_spacer=5-10bp;gc_cont=0.529
NODE_9_length_123825_cov_37.296666:91620-93086|+ -            489 2571                 -            244   0.00044   17.9   7.1   1   3    0.0025       2.5    5.6   0.1    45   106   190   253   174   268 0.78 NODE_9_length_123825_cov_37.296666_80 # 91620 # 93086 # 1 # ID=9_80;partial=00;start_type=ATG;rbs_motif=GGA/GAG/AGG;rbs_spacer=5-10bp;gc_cont=0.544
NODE_9_length_123825_cov_37.296666:91620-93086|+ -            489 2571                 -            244   0.00044   17.9   7.1   2   3       0.1     1e+02    0.3   0.2    77   101   274   298   258   313 0.81 NODE_9_length_123825_cov_37.296666_80 # 91620 # 93086 # 1 # ID=9_80;partial=00;start_type=ATG;rbs_motif=GGA/GAG/AGG;rbs_spacer=5-10bp;gc_cont=0.544
NODE_9_length_123825_cov_37.296666:91620-93086|+ -            489 2571                 -            244   0.00044   17.9   7.1   3   3   5.4e-06    0.0055   14.3   0.3    66   104   326   364   309   372 0.84 NODE_9_length_123825_cov_37.296666_80 # 91620 # 93086 # 1 # ID=9_80;partial=00;start_type=ATG;rbs_motif=GGA/GAG/AGG;rbs_spacer=5-10bp;gc_cont=0.544
NODE_44_length_40808_cov_40.967724:31688-32320|- -            211 2571                 -            244     0.012   13.2   0.0   1   1   1.5e-05     0.015   12.9   0.0   182   229   150   196   123   205 0.85 NODE_44_length_40808_cov_40.967724_28 # 31688 # 32320 # -1 # ID=44_28;partial=00;start_type=ATG;rbs_motif=GGAGG;rbs_spacer=5-10bp;gc_cont=0.555
NODE_22_length_80627_cov_36.893466:27028-27834|- -            269 2571                 -            244     0.024   12.2   0.0   1   1   4.1e-05     0.042   11.4   0.0    31   110   163   243   157   265 0.75 NODE_22_length_80627_cov_36.893466_29 # 27028 # 27834 # -1 # ID=22_29;partial=00;start_type=ATG;rbs_motif=GGAG/GAGG;rbs_spacer=5-10bp;gc_cont=0.539
#
# Program:         hmmsearch
# Version:         3.4 (Aug 2023)
# Pipeline mode:   SEARCH
# Query file:      /home/simonedassisi/busco_downloads/lineages/enterobacteriaceae_odb12/hmms/2571at543.hmm
# Target file:     home/simonedassisi/Desktop/BUSCO_output/prodigal_output/predicted_genes/predicted.faa
# Option settings: hmmsearch --domtblout home/simonedassisi/Desktop/BUSCO_output/run_enterobacteriaceae_odb12/hmmer_output/2571at543.out --cpu 1 /home/simonedassisi/busco_downloads/lineages/enterobacteriaceae_odb12/hmms/2571at543.hmm home/simonedassisi/Desktop/BUSCO_output/prodigal_output/predicted_genes/predicted.faa 
# Current dir:     /home/simonedassisi
# Date:            Tue Apr  1 14:30:15 2025
# [ok]
