#                                                                                                          --- full sequence --- -------------- this domain -------------   hmm coord   ali coord   env coord
# target name                                      accession   tlen query name           accession   qlen   E-value  score  bias   #  of  c-Evalue  i-Evalue  score  bias  from    to  from    to  from    to  acc description of target
#                              ------------------- ---------- ----- -------------------- ---------- ----- --------- ------ ----- --- --- --------- --------- ------ ----- ----- ----- ----- ----- ----- ----- ---- ---------------------
NODE_39_length_47213_cov_38.868135:3419-4351|+     -            311 259                  -            309  1.1e-192  637.3   1.3   1   1  1.4e-195  1.2e-192  637.1   1.3     1   309     1   309     1   309 1.00 NODE_39_length_47213_cov_38.868135_4 # 3419 # 4351 # 1 # ID=39_4;partial=00;start_type=ATG;rbs_motif=GGA/GAG/AGG;rbs_spacer=5-10bp;gc_cont=0.511
NODE_37_length_49199_cov_38.911069:39952-40968|-   -            339 259                  -            309   2.3e-12   45.0   0.0   1   1   9.9e-15   8.3e-12   43.1   0.0     2   250     3   276     2   295 0.66 NODE_37_length_49199_cov_38.911069_37 # 39952 # 40968 # -1 # ID=37_37;partial=00;start_type=ATG;rbs_motif=GGAG/GAGG;rbs_spacer=5-10bp;gc_cont=0.541
NODE_16_length_86943_cov_42.279511:25767-26834|+   -            356 259                  -            309   2.1e-08   31.9   0.0   1   1   3.5e-10     3e-07   28.2   0.0     2   240     4   256     3   272 0.68 NODE_16_length_86943_cov_42.279511_23 # 25767 # 26834 # 1 # ID=16_23;partial=00;start_type=ATG;rbs_motif=AGGAG;rbs_spacer=5-10bp;gc_cont=0.537
NODE_2_length_157429_cov_38.171358:94304-96286|-   -            661 259                  -            309   4.4e-07   27.6   0.0   1   1   7.4e-10   6.2e-07   27.1   0.0     3   258   319   589   317   597 0.73 NODE_2_length_157429_cov_38.171358_92 # 94304 # 96286 # -1 # ID=2_92;partial=00;start_type=ATG;rbs_motif=AGGA;rbs_spacer=5-10bp;gc_cont=0.509
NODE_3_length_152663_cov_37.088930:148178-149143|+ -            322 259                  -            309   0.00055   17.4   0.0   1   1   7.2e-06    0.0061   14.0   0.0   168   226   164   226     5   271 0.66 NODE_3_length_152663_cov_37.088930_127 # 148178 # 149143 # 1 # ID=3_127;partial=00;start_type=ATG;rbs_motif=GGAG/GAGG;rbs_spacer=5-10bp;gc_cont=0.564
NODE_2_length_157429_cov_38.171358:44233-45126|-   -            298 259                  -            309   0.00099   16.6   0.0   1   2   0.00026      0.22    8.9   0.0     2    31     3    32     2    40 0.83 NODE_2_length_157429_cov_38.171358_43 # 44233 # 45126 # -1 # ID=2_43;partial=00;start_type=ATG;rbs_motif=GGAGG;rbs_spacer=3-4bp;gc_cont=0.557
NODE_2_length_157429_cov_38.171358:44233-45126|-   -            298 259                  -            309   0.00099   16.6   0.0   2   2    0.0028       2.4    5.5   0.0   210   236   197   223   189   244 0.85 NODE_2_length_157429_cov_38.171358_43 # 44233 # 45126 # -1 # ID=2_43;partial=00;start_type=ATG;rbs_motif=GGAGG;rbs_spacer=3-4bp;gc_cont=0.557
#
# Program:         hmmsearch
# Version:         3.4 (Aug 2023)
# Pipeline mode:   SEARCH
# Query file:      /home/simonedassisi/busco_downloads/lineages/enterobacteriaceae_odb12/hmms/259at543.hmm
# Target file:     home/simonedassisi/Desktop/BUSCO_output/prodigal_output/predicted_genes/predicted.faa
# Option settings: hmmsearch --domtblout home/simonedassisi/Desktop/BUSCO_output/run_enterobacteriaceae_odb12/hmmer_output/259at543.out --cpu 1 /home/simonedassisi/busco_downloads/lineages/enterobacteriaceae_odb12/hmms/259at543.hmm home/simonedassisi/Desktop/BUSCO_output/prodigal_output/predicted_genes/predicted.faa 
# Current dir:     /home/simonedassisi
# Date:            Tue Apr  1 14:30:16 2025
# [ok]
