#                                                                                                        --- full sequence --- -------------- this domain -------------   hmm coord   ali coord   env coord
# target name                                    accession   tlen query name           accession   qlen   E-value  score  bias   #  of  c-Evalue  i-Evalue  score  bias  from    to  from    to  from    to  acc description of target
#                            ------------------- ---------- ----- -------------------- ---------- ----- --------- ------ ----- --- --- --------- --------- ------ ----- ----- ----- ----- ----- ----- ----- ---- ---------------------
NODE_24_length_79963_cov_36.490030:1520-2296|-   -            259 28955                -            256  2.4e-165  546.2   1.2   1   1  2.1e-168  2.7e-165  546.0   1.2     1   256     2   257     2   257 1.00 NODE_24_length_79963_cov_36.490030_3 # 1520 # 2296 # -1 # ID=24_3;partial=00;start_type=ATG;rbs_motif=AGGAG;rbs_spacer=5-10bp;gc_cont=0.529
NODE_24_length_79963_cov_36.490030:2278-3015|-   -            246 28955                -            256     4e-18   63.8   0.1   1   1   4.3e-21   5.4e-18   63.3   0.1     5   228     2   223     1   236 0.86 NODE_24_length_79963_cov_36.490030_4 # 2278 # 3015 # -1 # ID=24_4;partial=00;start_type=ATG;rbs_motif=GGAG/GAGG;rbs_spacer=5-10bp;gc_cont=0.558
NODE_3_length_152663_cov_37.088930:45740-46717|+ -            326 28955                -            256    0.0092   13.4   0.0   1   1   1.3e-05     0.017   12.6   0.0    34   111   163   243   157   252 0.66 NODE_3_length_152663_cov_37.088930_42 # 45740 # 46717 # 1 # ID=3_42;partial=00;start_type=ATG;rbs_motif=GGA/GAG/AGG;rbs_spacer=5-10bp;gc_cont=0.536
NODE_65_length_22714_cov_39.243724:15408-16268|+ -            287 28955                -            256     0.024   12.1   0.0   1   3     0.037        47    1.3   0.0   184   215    26    57     4    66 0.72 NODE_65_length_22714_cov_39.243724_16 # 15408 # 16268 # 1 # ID=65_16;partial=00;start_type=ATG;rbs_motif=GGAG/GAGG;rbs_spacer=5-10bp;gc_cont=0.524
NODE_65_length_22714_cov_39.243724:15408-16268|+ -            287 28955                -            256     0.024   12.1   0.0   2   3     0.031        39    1.6   0.0    97   132   143   180   112   189 0.78 NODE_65_length_22714_cov_39.243724_16 # 15408 # 16268 # 1 # ID=65_16;partial=00;start_type=ATG;rbs_motif=GGAG/GAGG;rbs_spacer=5-10bp;gc_cont=0.524
NODE_65_length_22714_cov_39.243724:15408-16268|+ -            287 28955                -            256     0.024   12.1   0.0   3   3    0.0022       2.8    5.3   0.0   188   216   190   218   184   236 0.81 NODE_65_length_22714_cov_39.243724_16 # 15408 # 16268 # 1 # ID=65_16;partial=00;start_type=ATG;rbs_motif=GGAG/GAGG;rbs_spacer=5-10bp;gc_cont=0.524
#
# Program:         hmmsearch
# Version:         3.4 (Aug 2023)
# Pipeline mode:   SEARCH
# Query file:      /home/simonedassisi/busco_downloads/lineages/enterobacteriaceae_odb12/hmms/28955at543.hmm
# Target file:     home/simonedassisi/Desktop/BUSCO_output/prodigal_output/predicted_genes/predicted.faa
# Option settings: hmmsearch --domtblout home/simonedassisi/Desktop/BUSCO_output/run_enterobacteriaceae_odb12/hmmer_output/28955at543.out --cpu 1 /home/simonedassisi/busco_downloads/lineages/enterobacteriaceae_odb12/hmms/28955at543.hmm home/simonedassisi/Desktop/BUSCO_output/prodigal_output/predicted_genes/predicted.faa 
# Current dir:     /home/simonedassisi
# Date:            Tue Apr  1 14:30:17 2025
# [ok]
