#                                                                                                          --- full sequence --- -------------- this domain -------------   hmm coord   ali coord   env coord
# target name                                      accession   tlen query name           accession   qlen   E-value  score  bias   #  of  c-Evalue  i-Evalue  score  bias  from    to  from    to  from    to  acc description of target
#                              ------------------- ---------- ----- -------------------- ---------- ----- --------- ------ ----- --- --- --------- --------- ------ ----- ----- ----- ----- ----- ----- ----- ---- ---------------------
NODE_72_length_16341_cov_36.526767:2946-4235|-     -            430 335                  -            428  1.8e-269  891.4   0.3   1   1  2.8e-272    2e-269  891.2   0.3     1   427     1   427     1   428 1.00 NODE_72_length_16341_cov_36.526767_5 # 2946 # 4235 # -1 # ID=72_5;partial=00;start_type=ATG;rbs_motif=None;rbs_spacer=None;gc_cont=0.564
NODE_32_length_57606_cov_39.295812:27405-28895|-   -            497 335                  -            428   2.5e-54  182.5   0.0   1   1   8.2e-57   5.9e-54  181.3   0.0    37   423   113   488   100   492 0.83 NODE_32_length_57606_cov_39.295812_22 # 27405 # 28895 # -1 # ID=32_22;partial=00;start_type=ATG;rbs_motif=None;rbs_spacer=None;gc_cont=0.545
NODE_48_length_31921_cov_35.968831:6635-7915|+     -            427 335                  -            428     5e-51  171.6   0.0   1   1   8.6e-54   6.2e-51  171.3   0.0    30   372    28   361    18   425 0.86 NODE_48_length_31921_cov_35.968831_5 # 6635 # 7915 # 1 # ID=48_5;partial=00;start_type=ATG;rbs_motif=GGAG/GAGG;rbs_spacer=5-10bp;gc_cont=0.592
NODE_1_length_276430_cov_40.515391:257318-258538|+ -            407 335                  -            428   1.5e-46  156.9   0.1   1   1   3.6e-48   2.6e-45  152.8   0.1    30   364    29   340    12   351 0.88 NODE_1_length_276430_cov_40.515391_230 # 257318 # 258538 # 1 # ID=1_230;partial=00;start_type=ATG;rbs_motif=GGA/GAG/AGG;rbs_spacer=11-12bp;gc_cont=0.548
NODE_22_length_80627_cov_36.893466:73999-75264|+   -            422 335                  -            428   3.5e-46  155.7   0.0   1   1   5.8e-49   4.2e-46  155.4   0.0    28   421    25   419    17   421 0.84 NODE_22_length_80627_cov_36.893466_73 # 73999 # 75264 # 1 # ID=22_73;partial=00;start_type=ATG;rbs_motif=GGA/GAG/AGG;rbs_spacer=5-10bp;gc_cont=0.577
NODE_38_length_48580_cov_35.344705:37555-38775|+   -            407 335                  -            428   3.2e-43  146.0   0.0   1   1   5.9e-45   4.2e-42  142.2   0.0    22   411    19   387    13   401 0.83 NODE_38_length_48580_cov_35.344705_38 # 37555 # 38775 # 1 # ID=38_38;partial=00;start_type=ATG;rbs_motif=GGAG/GAGG;rbs_spacer=5-10bp;gc_cont=0.550
NODE_30_length_69036_cov_41.149327:48016-49296|+   -            427 335                  -            428   2.7e-27   93.5   0.0   1   1   7.2e-30   5.2e-27   92.5   0.0    29   357    36   345    30   397 0.84 NODE_30_length_69036_cov_41.149327_47 # 48016 # 49296 # 1 # ID=30_47;partial=00;start_type=ATG;rbs_motif=AGGA;rbs_spacer=5-10bp;gc_cont=0.552
#
# Program:         hmmsearch
# Version:         3.4 (Aug 2023)
# Pipeline mode:   SEARCH
# Query file:      /home/simonedassisi/busco_downloads/lineages/enterobacteriaceae_odb12/hmms/335at543.hmm
# Target file:     home/simonedassisi/Desktop/BUSCO_output/prodigal_output/predicted_genes/predicted.faa
# Option settings: hmmsearch --domtblout home/simonedassisi/Desktop/BUSCO_output/run_enterobacteriaceae_odb12/hmmer_output/335at543.out --cpu 1 /home/simonedassisi/busco_downloads/lineages/enterobacteriaceae_odb12/hmms/335at543.hmm home/simonedassisi/Desktop/BUSCO_output/prodigal_output/predicted_genes/predicted.faa 
# Current dir:     /home/simonedassisi
# Date:            Tue Apr  1 14:30:17 2025
# [ok]
