#                                                                                                          --- full sequence --- -------------- this domain -------------   hmm coord   ali coord   env coord
# target name                                      accession   tlen query name           accession   qlen   E-value  score  bias   #  of  c-Evalue  i-Evalue  score  bias  from    to  from    to  from    to  acc description of target
#                              ------------------- ---------- ----- -------------------- ---------- ----- --------- ------ ----- --- --- --------- --------- ------ ----- ----- ----- ----- ----- ----- ----- ---- ---------------------
NODE_37_length_49199_cov_38.911069:10741-11958|+   -            406 33926                -            397  3.4e-245  811.5   0.3   1   1  2.3e-248  3.9e-245  811.3   0.3     1   397     1   405     1   405 0.97 NODE_37_length_49199_cov_38.911069_10 # 10741 # 11958 # 1 # ID=37_10;partial=00;start_type=ATG;rbs_motif=AGGA;rbs_spacer=5-10bp;gc_cont=0.558
NODE_4_length_139564_cov_44.158667:26758-28650|-   -            631 33926                -            397   8.1e-65  217.5  17.4   1   4   2.2e-09   3.7e-06   24.4   1.8     4   102     3   100     1   114 0.78 NODE_4_length_139564_cov_44.158667_26 # 26758 # 28650 # -1 # ID=4_26;partial=00;start_type=ATG;rbs_motif=GGAG/GAGG;rbs_spacer=5-10bp;gc_cont=0.548
NODE_4_length_139564_cov_44.158667:26758-28650|-   -            631 33926                -            397   8.1e-65  217.5  17.4   2   4   2.6e-09   4.4e-06   24.1   1.0     4    99   106   199   103   213 0.80 NODE_4_length_139564_cov_44.158667_26 # 26758 # 28650 # -1 # ID=4_26;partial=00;start_type=ATG;rbs_motif=GGAG/GAGG;rbs_spacer=5-10bp;gc_cont=0.548
NODE_4_length_139564_cov_44.158667:26758-28650|-   -            631 33926                -            397   8.1e-65  217.5  17.4   3   4     1e-16   1.7e-13   48.5   0.2     8   161   211   376   204   383 0.73 NODE_4_length_139564_cov_44.158667_26 # 26758 # 28650 # -1 # ID=4_26;partial=00;start_type=ATG;rbs_motif=GGAG/GAGG;rbs_spacer=5-10bp;gc_cont=0.548
NODE_4_length_139564_cov_44.158667:26758-28650|-   -            631 33926                -            397   8.1e-65  217.5  17.4   4   4   8.1e-42   1.4e-38  131.2   0.1   194   395   426   630   401   630 0.93 NODE_4_length_139564_cov_44.158667_26 # 26758 # 28650 # -1 # ID=4_26;partial=00;start_type=ATG;rbs_motif=GGAG/GAGG;rbs_spacer=5-10bp;gc_cont=0.548
NODE_1_length_276430_cov_40.515391:121907-122974|+ -            356 33926                -            397     0.027   11.7   4.9   1   1   2.6e-05     0.043   11.0   4.9    47   155    48   162    17   224 0.67 NODE_1_length_276430_cov_40.515391_106 # 121907 # 122974 # 1 # ID=1_106;partial=00;start_type=ATG;rbs_motif=GGxGG;rbs_spacer=5-10bp;gc_cont=0.582
#
# Program:         hmmsearch
# Version:         3.4 (Aug 2023)
# Pipeline mode:   SEARCH
# Query file:      /home/simonedassisi/busco_downloads/lineages/enterobacteriaceae_odb12/hmms/33926at543.hmm
# Target file:     home/simonedassisi/Desktop/BUSCO_output/prodigal_output/predicted_genes/predicted.faa
# Option settings: hmmsearch --domtblout home/simonedassisi/Desktop/BUSCO_output/run_enterobacteriaceae_odb12/hmmer_output/33926at543.out --cpu 1 /home/simonedassisi/busco_downloads/lineages/enterobacteriaceae_odb12/hmms/33926at543.hmm home/simonedassisi/Desktop/BUSCO_output/prodigal_output/predicted_genes/predicted.faa 
# Current dir:     /home/simonedassisi
# Date:            Tue Apr  1 14:30:17 2025
# [ok]
