#                                                                                                        --- full sequence --- -------------- this domain -------------   hmm coord   ali coord   env coord
# target name                                    accession   tlen query name           accession   qlen   E-value  score  bias   #  of  c-Evalue  i-Evalue  score  bias  from    to  from    to  from    to  acc description of target
#                            ------------------- ---------- ----- -------------------- ---------- ----- --------- ------ ----- --- --- --------- --------- ------ ----- ----- ----- ----- ----- ----- ----- ---- ---------------------
NODE_8_length_126545_cov_41.885285:46130-46768|+ -            213 367                  -            210  1.7e-136  450.5   0.0   1   1  2.3e-139  1.9e-136  450.3   0.0     1   209     1   210     1   211 0.98 NODE_8_length_126545_cov_41.885285_43 # 46130 # 46768 # 1 # ID=8_43;partial=00;start_type=ATG;rbs_motif=GGAGG;rbs_spacer=5-10bp;gc_cont=0.535
NODE_25_length_79707_cov_37.284883:56737-57342|- -            202 367                  -            210   7.4e-11   40.0   0.0   1   1   9.9e-14   8.3e-11   39.9   0.0    25   197    14   193     1   199 0.78 NODE_25_length_79707_cov_37.284883_55 # 56737 # 57342 # -1 # ID=25_55;partial=00;start_type=ATG;rbs_motif=AGGAG;rbs_spacer=5-10bp;gc_cont=0.507
NODE_28_length_70179_cov_36.796251:58747-59373|- -            209 367                  -            210   2.8e-08   31.6   0.0   1   1   4.3e-11   3.6e-08   31.2   0.0    46   174    40   180    16   201 0.78 NODE_28_length_70179_cov_36.796251_52 # 58747 # 59373 # -1 # ID=28_52;partial=00;start_type=ATG;rbs_motif=GGA/GAG/AGG;rbs_spacer=5-10bp;gc_cont=0.518
NODE_2_length_157429_cov_38.171358:46349-46993|+ -            215 367                  -            210   6.6e-07   27.1   0.0   1   1   1.1e-09   9.1e-07   26.7   0.0    24   111    21   114     3   190 0.68 NODE_2_length_157429_cov_38.171358_46 # 46349 # 46993 # 1 # ID=2_46;partial=00;start_type=ATG;rbs_motif=GGAG/GAGG;rbs_spacer=5-10bp;gc_cont=0.518
NODE_99_length_8647_cov_35.430047:272-880|+      -            203 367                  -            210     3e-06   25.0   0.0   1   1   4.1e-09   3.5e-06   24.8   0.0    13   136     3   124     1   155 0.80 NODE_99_length_8647_cov_35.430047_1 # 272 # 880 # 1 # ID=99_1;partial=00;start_type=ATG;rbs_motif=AGGA;rbs_spacer=5-10bp;gc_cont=0.525
NODE_49_length_31840_cov_36.883045:21764-22381|+ -            206 367                  -            210    0.0018   15.9   0.1   1   1   3.8e-06    0.0032   15.1   0.1    42   163    35   165    18   170 0.69 NODE_49_length_31840_cov_36.883045_22 # 21764 # 22381 # 1 # ID=49_22;partial=00;start_type=ATG;rbs_motif=GGAG/GAGG;rbs_spacer=5-10bp;gc_cont=0.472
#
# Program:         hmmsearch
# Version:         3.4 (Aug 2023)
# Pipeline mode:   SEARCH
# Query file:      /home/simonedassisi/busco_downloads/lineages/enterobacteriaceae_odb12/hmms/367at543.hmm
# Target file:     home/simonedassisi/Desktop/BUSCO_output/prodigal_output/predicted_genes/predicted.faa
# Option settings: hmmsearch --domtblout home/simonedassisi/Desktop/BUSCO_output/run_enterobacteriaceae_odb12/hmmer_output/367at543.out --cpu 1 /home/simonedassisi/busco_downloads/lineages/enterobacteriaceae_odb12/hmms/367at543.hmm home/simonedassisi/Desktop/BUSCO_output/prodigal_output/predicted_genes/predicted.faa 
# Current dir:     /home/simonedassisi
# Date:            Tue Apr  1 14:30:18 2025
# [ok]
