#                                                                                                        --- full sequence --- -------------- this domain -------------   hmm coord   ali coord   env coord
# target name                                    accession   tlen query name           accession   qlen   E-value  score  bias   #  of  c-Evalue  i-Evalue  score  bias  from    to  from    to  from    to  acc description of target
#                            ------------------- ---------- ----- -------------------- ---------- ----- --------- ------ ----- --- --- --------- --------- ------ ----- ----- ----- ----- ----- ----- ----- ---- ---------------------
NODE_18_length_85840_cov_40.696849:61224-62957|- -            578 4230                 -            577         0 1147.5   0.0   1   1         0         0 1147.4   0.0     1   577     1   577     1   577 1.00 NODE_18_length_85840_cov_40.696849_52 # 61224 # 62957 # -1 # ID=18_52;partial=00;start_type=GTG;rbs_motif=AGGAG;rbs_spacer=5-10bp;gc_cont=0.539
NODE_30_length_69036_cov_41.149327:23393-25825|- -            811 4230                 -            577   1.7e-15   54.5   3.4   1   5     0.039        98   -0.8   0.0   210   241    46    77    20    84 0.77 NODE_30_length_69036_cov_41.149327_25 # 23393 # 25825 # -1 # ID=30_25;partial=00;start_type=ATG;rbs_motif=None;rbs_spacer=None;gc_cont=0.505
NODE_30_length_69036_cov_41.149327:23393-25825|- -            811 4230                 -            577   1.7e-15   54.5   3.4   2   5   6.6e-08   0.00017   18.3   0.2    59   228   131   306   107   338 0.78 NODE_30_length_69036_cov_41.149327_25 # 23393 # 25825 # -1 # ID=30_25;partial=00;start_type=ATG;rbs_motif=None;rbs_spacer=None;gc_cont=0.505
NODE_30_length_69036_cov_41.149327:23393-25825|- -            811 4230                 -            577   1.7e-15   54.5   3.4   3   5     3e-05     0.075    9.5   0.1   180   287   338   445   327   458 0.81 NODE_30_length_69036_cov_41.149327_25 # 23393 # 25825 # -1 # ID=30_25;partial=00;start_type=ATG;rbs_motif=None;rbs_spacer=None;gc_cont=0.505
NODE_30_length_69036_cov_41.149327:23393-25825|- -            811 4230                 -            577   1.7e-15   54.5   3.4   4   5   0.00013      0.33    7.4   0.0   421   487   603   671   586   674 0.74 NODE_30_length_69036_cov_41.149327_25 # 23393 # 25825 # -1 # ID=30_25;partial=00;start_type=ATG;rbs_motif=None;rbs_spacer=None;gc_cont=0.505
NODE_30_length_69036_cov_41.149327:23393-25825|- -            811 4230                 -            577   1.7e-15   54.5   3.4   5   5     6e-07    0.0015   15.1   0.0   532   572   764   807   756   809 0.81 NODE_30_length_69036_cov_41.149327_25 # 23393 # 25825 # -1 # ID=30_25;partial=00;start_type=ATG;rbs_motif=None;rbs_spacer=None;gc_cont=0.505
#
# Program:         hmmsearch
# Version:         3.4 (Aug 2023)
# Pipeline mode:   SEARCH
# Query file:      /home/simonedassisi/busco_downloads/lineages/enterobacteriaceae_odb12/hmms/4230at543.hmm
# Target file:     home/simonedassisi/Desktop/BUSCO_output/prodigal_output/predicted_genes/predicted.faa
# Option settings: hmmsearch --domtblout home/simonedassisi/Desktop/BUSCO_output/run_enterobacteriaceae_odb12/hmmer_output/4230at543.out --cpu 1 /home/simonedassisi/busco_downloads/lineages/enterobacteriaceae_odb12/hmms/4230at543.hmm home/simonedassisi/Desktop/BUSCO_output/prodigal_output/predicted_genes/predicted.faa 
# Current dir:     /home/simonedassisi
# Date:            Tue Apr  1 14:30:18 2025
# [ok]
