#                                                                                                          --- full sequence --- -------------- this domain -------------   hmm coord   ali coord   env coord
# target name                                      accession   tlen query name           accession   qlen   E-value  score  bias   #  of  c-Evalue  i-Evalue  score  bias  from    to  from    to  from    to  acc description of target
#                              ------------------- ---------- ----- -------------------- ---------- ----- --------- ------ ----- --- --- --------- --------- ------ ----- ----- ----- ----- ----- ----- ----- ---- ---------------------
NODE_30_length_69036_cov_41.149327:48016-49296|+   -            427 4554                 -            426  2.8e-288  953.7   5.1   1   1  4.3e-291  3.1e-288  953.5   5.1     1   426     1   426     1   426 1.00 NODE_30_length_69036_cov_41.149327_47 # 48016 # 49296 # 1 # ID=30_47;partial=00;start_type=ATG;rbs_motif=AGGA;rbs_spacer=5-10bp;gc_cont=0.552
NODE_48_length_31921_cov_35.968831:6635-7915|+     -            427 4554                 -            426     3e-47  159.5   1.8   1   1   5.6e-50   4.1e-47  159.1   1.8    28   357    18   357    10   390 0.85 NODE_48_length_31921_cov_35.968831_5 # 6635 # 7915 # 1 # ID=48_5;partial=00;start_type=ATG;rbs_motif=GGAG/GAGG;rbs_spacer=5-10bp;gc_cont=0.592
NODE_22_length_80627_cov_36.893466:73999-75264|+   -            422 4554                 -            426   1.1e-42  144.6   3.2   1   1     2e-45   1.4e-42  144.1   3.2    28   363    17   362    12   377 0.86 NODE_22_length_80627_cov_36.893466_73 # 73999 # 75264 # 1 # ID=22_73;partial=00;start_type=ATG;rbs_motif=GGA/GAG/AGG;rbs_spacer=5-10bp;gc_cont=0.577
NODE_38_length_48580_cov_35.344705:37555-38775|+   -            407 4554                 -            426   1.8e-39  133.9   0.2   1   1   3.3e-42   2.4e-39  133.5   0.2    33   348    22   332    17   361 0.82 NODE_38_length_48580_cov_35.344705_38 # 37555 # 38775 # 1 # ID=38_38;partial=00;start_type=ATG;rbs_motif=GGAG/GAGG;rbs_spacer=5-10bp;gc_cont=0.550
NODE_32_length_57606_cov_39.295812:27405-28895|-   -            497 4554                 -            426   5.3e-39  132.4   0.2   1   1   9.8e-42     7e-39  132.0   0.2    42   343   111   415    79   445 0.82 NODE_32_length_57606_cov_39.295812_22 # 27405 # 28895 # -1 # ID=32_22;partial=00;start_type=ATG;rbs_motif=None;rbs_spacer=None;gc_cont=0.545
NODE_1_length_276430_cov_40.515391:257318-258538|+ -            407 4554                 -            426   2.3e-36  123.7   0.2   1   1   4.5e-39   3.2e-36  123.2   0.2    38   346    30   333    22   361 0.82 NODE_1_length_276430_cov_40.515391_230 # 257318 # 258538 # 1 # ID=1_230;partial=00;start_type=ATG;rbs_motif=GGA/GAG/AGG;rbs_spacer=11-12bp;gc_cont=0.548
NODE_72_length_16341_cov_36.526767:2946-4235|-     -            430 4554                 -            426   9.4e-30  101.9   0.5   1   1   1.9e-32   1.4e-29  101.3   0.5    36   348    29   359    18   390 0.79 NODE_72_length_16341_cov_36.526767_5 # 2946 # 4235 # -1 # ID=72_5;partial=00;start_type=ATG;rbs_motif=None;rbs_spacer=None;gc_cont=0.564
#
# Program:         hmmsearch
# Version:         3.4 (Aug 2023)
# Pipeline mode:   SEARCH
# Query file:      /home/simonedassisi/busco_downloads/lineages/enterobacteriaceae_odb12/hmms/4554at543.hmm
# Target file:     home/simonedassisi/Desktop/BUSCO_output/prodigal_output/predicted_genes/predicted.faa
# Option settings: hmmsearch --domtblout home/simonedassisi/Desktop/BUSCO_output/run_enterobacteriaceae_odb12/hmmer_output/4554at543.out --cpu 1 /home/simonedassisi/busco_downloads/lineages/enterobacteriaceae_odb12/hmms/4554at543.hmm home/simonedassisi/Desktop/BUSCO_output/prodigal_output/predicted_genes/predicted.faa 
# Current dir:     /home/simonedassisi
# Date:            Tue Apr  1 14:30:20 2025
# [ok]
