#                                                                                                        --- full sequence --- -------------- this domain -------------   hmm coord   ali coord   env coord
# target name                                    accession   tlen query name           accession   qlen   E-value  score  bias   #  of  c-Evalue  i-Evalue  score  bias  from    to  from    to  from    to  acc description of target
#                            ------------------- ---------- ----- -------------------- ---------- ----- --------- ------ ----- --- --- --------- --------- ------ ----- ----- ----- ----- ----- ----- ----- ---- ---------------------
NODE_6_length_131096_cov_36.333598:57129-57872|- -            248 4612                 -            246  2.3e-162  536.3   0.0   1   1  2.5e-165  2.6e-162  536.1   0.0     1   245     1   245     1   246 0.99 NODE_6_length_131096_cov_36.333598_56 # 57129 # 57872 # -1 # ID=6_56;partial=00;start_type=ATG;rbs_motif=GGA/GAG/AGG;rbs_spacer=5-10bp;gc_cont=0.503
NODE_15_length_91266_cov_36.275195:70265-71023|- -            253 4612                 -            246   2.3e-05   22.1   0.0   1   1   3.4e-08   3.5e-05   21.5   0.0    53   162    28   128    19   135 0.83 NODE_15_length_91266_cov_36.275195_70 # 70265 # 71023 # -1 # ID=15_70;partial=00;start_type=ATG;rbs_motif=GGAG/GAGG;rbs_spacer=5-10bp;gc_cont=0.542
NODE_16_length_86943_cov_42.279511:70435-71190|+ -            252 4612                 -            246   0.00057   17.5   0.0   1   1   8.8e-07   0.00088   16.9   0.0    54   226    61   233    23   246 0.76 NODE_16_length_86943_cov_42.279511_64 # 70435 # 71190 # 1 # ID=16_64;partial=00;start_type=ATG;rbs_motif=AGxAGG/AGGxGG;rbs_spacer=5-10bp;gc_cont=0.521
NODE_53_length_29778_cov_36.323025:9537-10370|+  -            278 4612                 -            246    0.0031   15.1   0.0   1   2   6.5e-06    0.0065   14.1   0.0    53   117   106   167    97   186 0.78 NODE_53_length_29778_cov_36.323025_10 # 9537 # 10370 # 1 # ID=53_10;partial=00;start_type=ATG;rbs_motif=AGxAGG/AGGxGG;rbs_spacer=3-4bp;gc_cont=0.558
NODE_53_length_29778_cov_36.323025:9537-10370|+  -            278 4612                 -            246    0.0031   15.1   0.0   2   2      0.94   9.4e+02   -2.8   0.0   146   192   220   266   215   269 0.73 NODE_53_length_29778_cov_36.323025_10 # 9537 # 10370 # 1 # ID=53_10;partial=00;start_type=ATG;rbs_motif=AGxAGG/AGGxGG;rbs_spacer=3-4bp;gc_cont=0.558
NODE_36_length_50779_cov_38.268459:24087-24872|- -            262 4612                 -            246    0.0056   14.3   0.0   1   1   7.5e-06    0.0075   13.9   0.0    78   162    62   147    36   167 0.77 NODE_36_length_50779_cov_38.268459_18 # 24087 # 24872 # -1 # ID=36_18;partial=00;start_type=ATG;rbs_motif=GGAG/GAGG;rbs_spacer=5-10bp;gc_cont=0.517
#
# Program:         hmmsearch
# Version:         3.4 (Aug 2023)
# Pipeline mode:   SEARCH
# Query file:      /home/simonedassisi/busco_downloads/lineages/enterobacteriaceae_odb12/hmms/4612at543.hmm
# Target file:     home/simonedassisi/Desktop/BUSCO_output/prodigal_output/predicted_genes/predicted.faa
# Option settings: hmmsearch --domtblout home/simonedassisi/Desktop/BUSCO_output/run_enterobacteriaceae_odb12/hmmer_output/4612at543.out --cpu 1 /home/simonedassisi/busco_downloads/lineages/enterobacteriaceae_odb12/hmms/4612at543.hmm home/simonedassisi/Desktop/BUSCO_output/prodigal_output/predicted_genes/predicted.faa 
# Current dir:     /home/simonedassisi
# Date:            Tue Apr  1 14:30:20 2025
# [ok]
