#                                                                                                        --- full sequence --- -------------- this domain -------------   hmm coord   ali coord   env coord
# target name                                    accession   tlen query name           accession   qlen   E-value  score  bias   #  of  c-Evalue  i-Evalue  score  bias  from    to  from    to  from    to  acc description of target
#                            ------------------- ---------- ----- -------------------- ---------- ----- --------- ------ ----- --- --- --------- --------- ------ ----- ----- ----- ----- ----- ----- ----- ---- ---------------------
NODE_4_length_139564_cov_44.158667:20289-22886|- -            866 50511                -            864         0 1965.0   0.0   1   1         0         0 1964.8   0.0     1   864     1   865     1   865 1.00 NODE_4_length_139564_cov_44.158667_23 # 20289 # 22886 # -1 # ID=4_23;partial=00;start_type=GTG;rbs_motif=AGGAG;rbs_spacer=5-10bp;gc_cont=0.559
NODE_4_length_139564_cov_44.158667:73481-74881|+ -            467 50511                -            864   2.4e-20   70.2   0.9   1   2     2e-05     0.025   10.6   0.1   474   553   103   187    88   195 0.84 NODE_4_length_139564_cov_44.158667_65 # 73481 # 74881 # 1 # ID=4_65;partial=00;start_type=ATG;rbs_motif=AGxAGG/AGGxGG;rbs_spacer=5-10bp;gc_cont=0.555
NODE_4_length_139564_cov_44.158667:73481-74881|+ -            467 50511                -            864   2.4e-20   70.2   0.9   2   2   7.5e-20   9.5e-17   58.3   0.1   701   821   338   460   332   465 0.93 NODE_4_length_139564_cov_44.158667_65 # 73481 # 74881 # 1 # ID=4_65;partial=00;start_type=ATG;rbs_motif=AGxAGG/AGGxGG;rbs_spacer=5-10bp;gc_cont=0.555
NODE_97_length_9166_cov_37.516539:3475-5736|+    -            754 50511                -            864   6.9e-06   22.3   1.7   1   2   3.3e-05     0.042    9.8   0.4   467   562   118   216    92   223 0.83 NODE_97_length_9166_cov_37.516539_4 # 3475 # 5736 # 1 # ID=97_4;partial=00;start_type=ATG;rbs_motif=GGAG/GAGG;rbs_spacer=5-10bp;gc_cont=0.516
NODE_97_length_9166_cov_37.516539:3475-5736|+    -            754 50511                -            864   6.9e-06   22.3   1.7   2   2   9.5e-06     0.012   11.6   0.0   712   822   363   481   284   504 0.74 NODE_97_length_9166_cov_37.516539_4 # 3475 # 5736 # 1 # ID=97_4;partial=00;start_type=ATG;rbs_motif=GGAG/GAGG;rbs_spacer=5-10bp;gc_cont=0.516
NODE_22_length_80627_cov_36.893466:44406-47081|+ -            892 50511                -            864    0.0066   12.5   0.1   1   1   1.1e-05     0.013   11.5   0.1   488   562   204   280   198   287 0.75 NODE_22_length_80627_cov_36.893466_46 # 44406 # 47081 # 1 # ID=22_46;partial=00;start_type=ATG;rbs_motif=AGGAGG;rbs_spacer=3-4bp;gc_cont=0.528
#
# Program:         hmmsearch
# Version:         3.4 (Aug 2023)
# Pipeline mode:   SEARCH
# Query file:      /home/simonedassisi/busco_downloads/lineages/enterobacteriaceae_odb12/hmms/50511at543.hmm
# Target file:     home/simonedassisi/Desktop/BUSCO_output/prodigal_output/predicted_genes/predicted.faa
# Option settings: hmmsearch --domtblout home/simonedassisi/Desktop/BUSCO_output/run_enterobacteriaceae_odb12/hmmer_output/50511at543.out --cpu 1 /home/simonedassisi/busco_downloads/lineages/enterobacteriaceae_odb12/hmms/50511at543.hmm home/simonedassisi/Desktop/BUSCO_output/prodigal_output/predicted_genes/predicted.faa 
# Current dir:     /home/simonedassisi
# Date:            Tue Apr  1 14:30:22 2025
# [ok]
