#                                                                                                        --- full sequence --- -------------- this domain -------------   hmm coord   ali coord   env coord
# target name                                    accession   tlen query name           accession   qlen   E-value  score  bias   #  of  c-Evalue  i-Evalue  score  bias  from    to  from    to  from    to  acc description of target
#                            ------------------- ---------- ----- -------------------- ---------- ----- --------- ------ ----- --- --- --------- --------- ------ ----- ----- ----- ----- ----- ----- ----- ---- ---------------------
NODE_30_length_69036_cov_41.149327:25855-27207|- -            451 5107                 -            448    4e-249  825.1   0.0   1   1  3.6e-252  4.5e-249  825.0   0.0     1   448     1   450     1   450 0.99 NODE_30_length_69036_cov_41.149327_26 # 25855 # 27207 # -1 # ID=30_26;partial=00;start_type=ATG;rbs_motif=GGA/GAG/AGG;rbs_spacer=5-10bp;gc_cont=0.508
NODE_30_length_69036_cov_41.149327:40590-42014|- -            475 5107                 -            448   8.9e-12   42.8   0.2   1   2   1.6e-09     2e-06   25.2   0.0   221   302   311   393   300   409 0.85 NODE_30_length_69036_cov_41.149327_40 # 40590 # 42014 # -1 # ID=30_40;partial=00;start_type=ATG;rbs_motif=GGA/GAG/AGG;rbs_spacer=5-10bp;gc_cont=0.542
NODE_30_length_69036_cov_41.149327:40590-42014|- -            475 5107                 -            448   8.9e-12   42.8   0.2   2   2     1e-06    0.0013   15.9   0.1   223   285   410   471   395   474 0.86 NODE_30_length_69036_cov_41.149327_40 # 40590 # 42014 # -1 # ID=30_40;partial=00;start_type=ATG;rbs_motif=GGA/GAG/AGG;rbs_spacer=5-10bp;gc_cont=0.542
NODE_8_length_126545_cov_41.885285:41440-42807|- -            456 5107                 -            448   1.9e-11   41.8   0.0   1   2   4.7e-10   5.9e-07   26.9   0.0   223   305   291   374   280   387 0.88 NODE_8_length_126545_cov_41.885285_38 # 41440 # 42807 # -1 # ID=8_38;partial=00;start_type=ATG;rbs_motif=AGxAGG/AGGxGG;rbs_spacer=3-4bp;gc_cont=0.520
NODE_8_length_126545_cov_41.885285:41440-42807|- -            456 5107                 -            448   1.9e-11   41.8   0.0   2   2   9.6e-06     0.012   12.7   0.1   226   285   394   452   389   455 0.89 NODE_8_length_126545_cov_41.885285_38 # 41440 # 42807 # -1 # ID=8_38;partial=00;start_type=ATG;rbs_motif=AGxAGG/AGGxGG;rbs_spacer=3-4bp;gc_cont=0.520
NODE_8_length_126545_cov_41.885285:40283-41350|- -            356 5107                 -            448   9.3e-06   23.0   0.0   1   1   1.1e-08   1.4e-05   22.4   0.0   225   293   283   352   274   355 0.86 NODE_8_length_126545_cov_41.885285_37 # 40283 # 41350 # -1 # ID=8_37;partial=00;start_type=ATG;rbs_motif=None;rbs_spacer=None;gc_cont=0.532
#
# Program:         hmmsearch
# Version:         3.4 (Aug 2023)
# Pipeline mode:   SEARCH
# Query file:      /home/simonedassisi/busco_downloads/lineages/enterobacteriaceae_odb12/hmms/5107at543.hmm
# Target file:     home/simonedassisi/Desktop/BUSCO_output/prodigal_output/predicted_genes/predicted.faa
# Option settings: hmmsearch --domtblout home/simonedassisi/Desktop/BUSCO_output/run_enterobacteriaceae_odb12/hmmer_output/5107at543.out --cpu 1 /home/simonedassisi/busco_downloads/lineages/enterobacteriaceae_odb12/hmms/5107at543.hmm home/simonedassisi/Desktop/BUSCO_output/prodigal_output/predicted_genes/predicted.faa 
# Current dir:     /home/simonedassisi
# Date:            Tue Apr  1 14:30:22 2025
# [ok]
