#                                                                                                        --- full sequence --- -------------- this domain -------------   hmm coord   ali coord   env coord
# target name                                    accession   tlen query name           accession   qlen   E-value  score  bias   #  of  c-Evalue  i-Evalue  score  bias  from    to  from    to  from    to  acc description of target
#                            ------------------- ---------- ----- -------------------- ---------- ----- --------- ------ ----- --- --- --------- --------- ------ ----- ----- ----- ----- ----- ----- ----- ---- ---------------------
NODE_29_length_69919_cov_43.020805:7755-8486|-   -            244 5130                 -            243    1e-145  481.5   0.1   1   1  1.4e-148  1.1e-145  481.4   0.1     1   243     1   243     1   243 1.00 NODE_29_length_69919_cov_43.020805_11 # 7755 # 8486 # -1 # ID=29_11;partial=00;start_type=ATG;rbs_motif=GGA/GAG/AGG;rbs_spacer=5-10bp;gc_cont=0.556
NODE_9_length_123825_cov_37.296666:7777-8814|+   -            346 5130                 -            243   1.4e-27   94.7   0.0   1   1     2e-30   1.7e-27   94.4   0.0     5   242   110   343   106   344 0.89 NODE_9_length_123825_cov_37.296666_7 # 7777 # 8814 # 1 # ID=9_7;partial=00;start_type=ATG;rbs_motif=GGAG/GAGG;rbs_spacer=5-10bp;gc_cont=0.565
NODE_39_length_47213_cov_38.868135:33014-33703|+ -            230 5130                 -            243   2.8e-22   77.3   0.3   1   1   4.2e-25   3.5e-22   77.0   0.3    85   243     9   166     2   166 0.87 NODE_39_length_47213_cov_38.868135_36 # 33014 # 33703 # 1 # ID=39_36;partial=00;start_type=ATG;rbs_motif=None;rbs_spacer=None;gc_cont=0.554
NODE_31_length_58399_cov_38.812466:15536-16222|- -            229 5130                 -            243   2.8e-05   21.7   0.0   1   1   2.4e-07    0.0002   18.9   0.0   104   236    11   153     2   161 0.76 NODE_31_length_58399_cov_38.812466_14 # 15536 # 16222 # -1 # ID=31_14;partial=00;start_type=ATG;rbs_motif=GGA/GAG/AGG;rbs_spacer=5-10bp;gc_cont=0.498
NODE_9_length_123825_cov_37.296666:62849-63586|+ -            246 5130                 -            243   0.00032   18.2   0.0   1   2       1.8   1.5e+03   -3.6   0.0   157   174    21    38    14    46 0.74 NODE_9_length_123825_cov_37.296666_56 # 62849 # 63586 # 1 # ID=9_56;partial=00;start_type=ATG;rbs_motif=None;rbs_spacer=None;gc_cont=0.556
NODE_9_length_123825_cov_37.296666:62849-63586|+ -            246 5130                 -            243   0.00032   18.2   0.0   2   2   8.5e-07   0.00072   17.0   0.0   188   238   106   156    99   159 0.94 NODE_9_length_123825_cov_37.296666_56 # 62849 # 63586 # 1 # ID=9_56;partial=00;start_type=ATG;rbs_motif=None;rbs_spacer=None;gc_cont=0.556
NODE_54_length_28184_cov_41.894607:7916-8389|-   -            158 5130                 -            243    0.0033   14.9   0.0   1   1   5.3e-06    0.0045   14.4   0.0   195   241    99   147    90   149 0.79 NODE_54_length_28184_cov_41.894607_10 # 7916 # 8389 # -1 # ID=54_10;partial=00;start_type=ATG;rbs_motif=AGxAGG/AGGxGG;rbs_spacer=3-4bp;gc_cont=0.553
#
# Program:         hmmsearch
# Version:         3.4 (Aug 2023)
# Pipeline mode:   SEARCH
# Query file:      /home/simonedassisi/busco_downloads/lineages/enterobacteriaceae_odb12/hmms/5130at543.hmm
# Target file:     home/simonedassisi/Desktop/BUSCO_output/prodigal_output/predicted_genes/predicted.faa
# Option settings: hmmsearch --domtblout home/simonedassisi/Desktop/BUSCO_output/run_enterobacteriaceae_odb12/hmmer_output/5130at543.out --cpu 1 /home/simonedassisi/busco_downloads/lineages/enterobacteriaceae_odb12/hmms/5130at543.hmm home/simonedassisi/Desktop/BUSCO_output/prodigal_output/predicted_genes/predicted.faa 
# Current dir:     /home/simonedassisi
# Date:            Tue Apr  1 14:30:22 2025
# [ok]
