#                                                                                                         --- full sequence --- -------------- this domain -------------   hmm coord   ali coord   env coord
# target name                                     accession   tlen query name           accession   qlen   E-value  score  bias   #  of  c-Evalue  i-Evalue  score  bias  from    to  from    to  from    to  acc description of target
#                             ------------------- ---------- ----- -------------------- ---------- ----- --------- ------ ----- --- --- --------- --------- ------ ----- ----- ----- ----- ----- ----- ----- ---- ---------------------
NODE_19_length_85129_cov_38.767276:36681-38543|+  -            621 5144                 -            619         0 1326.5   0.0   1   1         0         0 1326.4   0.0     1   619     1   620     1   620 1.00 NODE_19_length_85129_cov_38.767276_36 # 36681 # 38543 # 1 # ID=19_36;partial=00;start_type=ATG;rbs_motif=GGA/GAG/AGG;rbs_spacer=5-10bp;gc_cont=0.545
NODE_11_length_117034_cov_40.464403:85140-87131|- -            664 5144                 -            619   1.5e-12   44.7   0.1   1   3     8e-05      0.13    8.5   0.0   124   189   117   193     3   201 0.67 NODE_11_length_117034_cov_40.464403_76 # 85140 # 87131 # -1 # ID=11_76;partial=00;start_type=ATG;rbs_motif=GGAG/GAGG;rbs_spacer=5-10bp;gc_cont=0.557
NODE_11_length_117034_cov_40.464403:85140-87131|- -            664 5144                 -            619   1.5e-12   44.7   0.1   2   3    0.0029       4.9    3.4   0.0   241   292   203   254   191   304 0.70 NODE_11_length_117034_cov_40.464403_76 # 85140 # 87131 # -1 # ID=11_76;partial=00;start_type=ATG;rbs_motif=GGAG/GAGG;rbs_spacer=5-10bp;gc_cont=0.557
NODE_11_length_117034_cov_40.464403:85140-87131|- -            664 5144                 -            619   1.5e-12   44.7   0.1   3   3   3.4e-11   5.7e-08   29.6   0.0   350   535   391   582   316   607 0.74 NODE_11_length_117034_cov_40.464403_76 # 85140 # 87131 # -1 # ID=11_76;partial=00;start_type=ATG;rbs_motif=GGAG/GAGG;rbs_spacer=5-10bp;gc_cont=0.557
NODE_81_length_14768_cov_38.084830:8468-10471|-   -            668 5144                 -            619   4.9e-08   29.8   0.0   1   2    0.0096        16    1.7   0.0   139   186   141   189     4   241 0.79 NODE_81_length_14768_cov_38.084830_6 # 8468 # 10471 # -1 # ID=81_6;partial=00;start_type=ATG;rbs_motif=GGAG/GAGG;rbs_spacer=5-10bp;gc_cont=0.544
NODE_81_length_14768_cov_38.084830:8468-10471|-   -            668 5144                 -            619   4.9e-08   29.8   0.0   2   2   3.9e-10   6.5e-07   26.1   0.0   361   533   401   579   318   592 0.82 NODE_81_length_14768_cov_38.084830_6 # 8468 # 10471 # -1 # ID=81_6;partial=00;start_type=ATG;rbs_motif=GGAG/GAGG;rbs_spacer=5-10bp;gc_cont=0.544
#
# Program:         hmmsearch
# Version:         3.4 (Aug 2023)
# Pipeline mode:   SEARCH
# Query file:      /home/simonedassisi/busco_downloads/lineages/enterobacteriaceae_odb12/hmms/5144at543.hmm
# Target file:     home/simonedassisi/Desktop/BUSCO_output/prodigal_output/predicted_genes/predicted.faa
# Option settings: hmmsearch --domtblout home/simonedassisi/Desktop/BUSCO_output/run_enterobacteriaceae_odb12/hmmer_output/5144at543.out --cpu 1 /home/simonedassisi/busco_downloads/lineages/enterobacteriaceae_odb12/hmms/5144at543.hmm home/simonedassisi/Desktop/BUSCO_output/prodigal_output/predicted_genes/predicted.faa 
# Current dir:     /home/simonedassisi
# Date:            Tue Apr  1 14:30:22 2025
# [ok]
