#                                                                                                          --- full sequence --- -------------- this domain -------------   hmm coord   ali coord   env coord
# target name                                      accession   tlen query name           accession   qlen   E-value  score  bias   #  of  c-Evalue  i-Evalue  score  bias  from    to  from    to  from    to  acc description of target
#                              ------------------- ---------- ----- -------------------- ---------- ----- --------- ------ ----- --- --- --------- --------- ------ ----- ----- ----- ----- ----- ----- ----- ---- ---------------------
NODE_39_length_47213_cov_38.868135:29927-30550|+   -            208 5313                 -            206  3.6e-124  410.3   0.1   1   1  3.9e-127    4e-124  410.1   0.1     1   206     1   206     1   206 1.00 NODE_39_length_47213_cov_38.868135_33 # 29927 # 30550 # 1 # ID=39_33;partial=00;start_type=ATG;rbs_motif=None;rbs_spacer=None;gc_cont=0.489
NODE_7_length_130108_cov_39.332856:46276-46833|+   -            186 5313                 -            206   2.5e-09   35.2   0.0   1   1   2.8e-12   2.8e-09   35.0   0.0     4   154     3   148     1   180 0.85 NODE_7_length_130108_cov_39.332856_41 # 46276 # 46833 # 1 # ID=7_41;partial=00;start_type=ATG;rbs_motif=GGA/GAG/AGG;rbs_spacer=5-10bp;gc_cont=0.600
NODE_10_length_119716_cov_38.250842:43757-44482|+  -            242 5313                 -            206    0.0018   16.1   0.0   1   1   2.7e-06    0.0027   15.5   0.0     2    37    25    60    24    73 0.85 NODE_10_length_119716_cov_38.250842_36 # 43757 # 44482 # 1 # ID=10_36;partial=00;start_type=ATG;rbs_motif=AGGA;rbs_spacer=5-10bp;gc_cont=0.519
NODE_28_length_70179_cov_36.796251:24634-25356|-   -            241 5313                 -            206    0.0081   13.9   0.0   1   1   1.4e-05     0.014   13.2   0.0     2    30    25    53    24    61 0.87 NODE_28_length_70179_cov_36.796251_23 # 24634 # 25356 # -1 # ID=28_23;partial=00;start_type=GTG;rbs_motif=AGGA;rbs_spacer=5-10bp;gc_cont=0.537
NODE_1_length_276430_cov_40.515391:158207-159277|+ -            357 5313                 -            206     0.036   11.8   0.1   1   2     0.001         1    7.1   0.0     3    28    29    54    27    75 0.80 NODE_1_length_276430_cov_40.515391_143 # 158207 # 159277 # 1 # ID=1_143;partial=00;start_type=ATG;rbs_motif=GGA/GAG/AGG;rbs_spacer=5-10bp;gc_cont=0.586
NODE_1_length_276430_cov_40.515391:158207-159277|+ -            357 5313                 -            206     0.036   11.8   0.1   2   2     0.022        22    2.7   0.0    75   124    79   124    54   145 0.80 NODE_1_length_276430_cov_40.515391_143 # 158207 # 159277 # 1 # ID=1_143;partial=00;start_type=ATG;rbs_motif=GGA/GAG/AGG;rbs_spacer=5-10bp;gc_cont=0.586
#
# Program:         hmmsearch
# Version:         3.4 (Aug 2023)
# Pipeline mode:   SEARCH
# Query file:      /home/simonedassisi/busco_downloads/lineages/enterobacteriaceae_odb12/hmms/5313at543.hmm
# Target file:     home/simonedassisi/Desktop/BUSCO_output/prodigal_output/predicted_genes/predicted.faa
# Option settings: hmmsearch --domtblout home/simonedassisi/Desktop/BUSCO_output/run_enterobacteriaceae_odb12/hmmer_output/5313at543.out --cpu 1 /home/simonedassisi/busco_downloads/lineages/enterobacteriaceae_odb12/hmms/5313at543.hmm home/simonedassisi/Desktop/BUSCO_output/prodigal_output/predicted_genes/predicted.faa 
# Current dir:     /home/simonedassisi
# Date:            Tue Apr  1 14:30:23 2025
# [ok]
