#                                                                                                         --- full sequence --- -------------- this domain -------------   hmm coord   ali coord   env coord
# target name                                     accession   tlen query name           accession   qlen   E-value  score  bias   #  of  c-Evalue  i-Evalue  score  bias  from    to  from    to  from    to  acc description of target
#                             ------------------- ---------- ----- -------------------- ---------- ----- --------- ------ ----- --- --- --------- --------- ------ ----- ----- ----- ----- ----- ----- ----- ---- ---------------------
NODE_29_length_69919_cov_43.020805:33586-34563|-  -            326 559                  -            325  1.2e-208  690.0   0.0   1   1  1.3e-211  1.3e-208  689.9   0.0     1   325     1   325     1   325 1.00 NODE_29_length_69919_cov_43.020805_31 # 33586 # 34563 # -1 # ID=29_31;partial=00;start_type=ATG;rbs_motif=GGAG/GAGG;rbs_spacer=5-10bp;gc_cont=0.525
NODE_7_length_130108_cov_39.332856:8123-9640|+    -            506 559                  -            325   7.8e-48  161.5   0.6   1   1   6.2e-50   6.3e-47  158.6   0.6    15   323   183   501   176   503 0.77 NODE_7_length_130108_cov_39.332856_5 # 8123 # 9640 # 1 # ID=7_5;partial=00;start_type=ATG;rbs_motif=GGAG/GAGG;rbs_spacer=5-10bp;gc_cont=0.478
NODE_11_length_117034_cov_40.464403:35747-37264|- -            506 559                  -            325   4.2e-47  159.2   0.4   1   1   5.8e-49   5.9e-46  155.4   0.4    16   323   184   501   176   503 0.76 NODE_11_length_117034_cov_40.464403_27 # 35747 # 37264 # -1 # ID=11_27;partial=00;start_type=ATG;rbs_motif=GGAG/GAGG;rbs_spacer=5-10bp;gc_cont=0.531
NODE_6_length_131096_cov_36.333598:60052-61824|+  -            591 559                  -            325   2.9e-20   70.9   0.0   1   2   1.6e-13   1.6e-10   38.9   0.0    14   116   136   233   130   261 0.86 NODE_6_length_131096_cov_36.333598_60 # 60052 # 61824 # 1 # ID=6_60;partial=00;start_type=ATG;rbs_motif=GGA/GAG/AGG;rbs_spacer=5-10bp;gc_cont=0.539
NODE_6_length_131096_cov_36.333598:60052-61824|+  -            591 559                  -            325   2.9e-20   70.9   0.0   2   2   9.7e-11   9.8e-08   29.8   0.0   229   322   467   556   445   559 0.79 NODE_6_length_131096_cov_36.333598_60 # 60052 # 61824 # 1 # ID=6_60;partial=00;start_type=ATG;rbs_motif=GGA/GAG/AGG;rbs_spacer=5-10bp;gc_cont=0.539
NODE_36_length_50779_cov_38.268459:9425-10825|+   -            467 559                  -            325   0.00087   16.8   0.0   1   1   1.1e-05     0.011   13.2   0.0    68   321   203   458   122   461 0.75 NODE_36_length_50779_cov_38.268459_9 # 9425 # 10825 # 1 # ID=36_9;partial=00;start_type=ATG;rbs_motif=GGA/GAG/AGG;rbs_spacer=5-10bp;gc_cont=0.529
#
# Program:         hmmsearch
# Version:         3.4 (Aug 2023)
# Pipeline mode:   SEARCH
# Query file:      /home/simonedassisi/busco_downloads/lineages/enterobacteriaceae_odb12/hmms/559at543.hmm
# Target file:     home/simonedassisi/Desktop/BUSCO_output/prodigal_output/predicted_genes/predicted.faa
# Option settings: hmmsearch --domtblout home/simonedassisi/Desktop/BUSCO_output/run_enterobacteriaceae_odb12/hmmer_output/559at543.out --cpu 1 /home/simonedassisi/busco_downloads/lineages/enterobacteriaceae_odb12/hmms/559at543.hmm home/simonedassisi/Desktop/BUSCO_output/prodigal_output/predicted_genes/predicted.faa 
# Current dir:     /home/simonedassisi
# Date:            Tue Apr  1 14:30:24 2025
# [ok]
