#                                                                                                        --- full sequence --- -------------- this domain -------------   hmm coord   ali coord   env coord
# target name                                    accession   tlen query name           accession   qlen   E-value  score  bias   #  of  c-Evalue  i-Evalue  score  bias  from    to  from    to  from    to  acc description of target
#                            ------------------- ---------- ----- -------------------- ---------- ----- --------- ------ ----- --- --- --------- --------- ------ ----- ----- ----- ----- ----- ----- ----- ---- ---------------------
NODE_25_length_79707_cov_37.284883:14639-16051|- -            471 5687                 -            470  1.7e-294  974.6  13.8   1   1  1.5e-297  1.9e-294  974.4  13.8     1   470     1   470     1   470 1.00 NODE_25_length_79707_cov_37.284883_15 # 14639 # 16051 # -1 # ID=25_15;partial=00;start_type=ATG;rbs_motif=None;rbs_spacer=None;gc_cont=0.501
NODE_6_length_131096_cov_36.333598:71483-72925|- -            481 5687                 -            470  3.4e-158  525.2   9.8   1   1  3.1e-161  3.9e-158  525.0   9.8     1   469     5   478     5   479 0.95 NODE_6_length_131096_cov_36.333598_72 # 71483 # 72925 # -1 # ID=6_72;partial=00;start_type=ATG;rbs_motif=GGAG/GAGG;rbs_spacer=5-10bp;gc_cont=0.525
NODE_9_length_123825_cov_37.296666:91620-93086|+ -            489 5687                 -            470    0.0018   15.0   0.2   1   3      0.68   8.5e+02   -3.7   0.0   158   206    40    89    31    91 0.63 NODE_9_length_123825_cov_37.296666_80 # 91620 # 93086 # 1 # ID=9_80;partial=00;start_type=ATG;rbs_motif=GGA/GAG/AGG;rbs_spacer=5-10bp;gc_cont=0.544
NODE_9_length_123825_cov_37.296666:91620-93086|+ -            489 5687                 -            470    0.0018   15.0   0.2   2   3   1.4e-05     0.018   11.7   0.0     6    52   220   266   216   273 0.91 NODE_9_length_123825_cov_37.296666_80 # 91620 # 93086 # 1 # ID=9_80;partial=00;start_type=ATG;rbs_motif=GGA/GAG/AGG;rbs_spacer=5-10bp;gc_cont=0.544
NODE_9_length_123825_cov_37.296666:91620-93086|+ -            489 5687                 -            470    0.0018   15.0   0.2   3   3     0.046        58    0.1   0.1   295   313   344   362   341   373 0.85 NODE_9_length_123825_cov_37.296666_80 # 91620 # 93086 # 1 # ID=9_80;partial=00;start_type=ATG;rbs_motif=GGA/GAG/AGG;rbs_spacer=5-10bp;gc_cont=0.544
NODE_65_length_22714_cov_39.243724:2747-3517|-   -            257 5687                 -            470    0.0091   12.7   0.1   1   1   9.5e-06     0.012   12.3   0.1   209   249   140   182   123   203 0.85 NODE_65_length_22714_cov_39.243724_3 # 2747 # 3517 # -1 # ID=65_3;partial=00;start_type=ATG;rbs_motif=GGA/GAG/AGG;rbs_spacer=5-10bp;gc_cont=0.528
#
# Program:         hmmsearch
# Version:         3.4 (Aug 2023)
# Pipeline mode:   SEARCH
# Query file:      /home/simonedassisi/busco_downloads/lineages/enterobacteriaceae_odb12/hmms/5687at543.hmm
# Target file:     home/simonedassisi/Desktop/BUSCO_output/prodigal_output/predicted_genes/predicted.faa
# Option settings: hmmsearch --domtblout home/simonedassisi/Desktop/BUSCO_output/run_enterobacteriaceae_odb12/hmmer_output/5687at543.out --cpu 1 /home/simonedassisi/busco_downloads/lineages/enterobacteriaceae_odb12/hmms/5687at543.hmm home/simonedassisi/Desktop/BUSCO_output/prodigal_output/predicted_genes/predicted.faa 
# Current dir:     /home/simonedassisi
# Date:            Tue Apr  1 14:30:25 2025
# [ok]
