#                                                                                                        --- full sequence --- -------------- this domain -------------   hmm coord   ali coord   env coord
# target name                                    accession   tlen query name           accession   qlen   E-value  score  bias   #  of  c-Evalue  i-Evalue  score  bias  from    to  from    to  from    to  acc description of target
#                            ------------------- ---------- ----- -------------------- ---------- ----- --------- ------ ----- --- --- --------- --------- ------ ----- ----- ----- ----- ----- ----- ----- ---- ---------------------
NODE_20_length_84241_cov_37.036046:57849-58490|+ -            214 5713                 -            210  7.1e-117  386.5   0.5   1   1  6.3e-120  7.9e-117  386.3   0.5     1   208     1   210     1   212 0.99 NODE_20_length_84241_cov_37.036046_64 # 57849 # 58490 # 1 # ID=20_64;partial=00;start_type=ATG;rbs_motif=AGGA;rbs_spacer=5-10bp;gc_cont=0.536
NODE_27_length_73011_cov_40.630920:29261-29953|+ -            231 5713                 -            210    0.0001   20.0   0.5   1   1   2.8e-06    0.0035   15.0   0.5     6   207     9   225     5   228 0.71 NODE_27_length_73011_cov_40.630920_31 # 29261 # 29953 # 1 # ID=27_31;partial=00;start_type=ATG;rbs_motif=AGGA;rbs_spacer=5-10bp;gc_cont=0.475
NODE_27_length_73011_cov_40.630920:27584-28342|- -            253 5713                 -            210   0.00024   18.9   0.1   1   2    0.0015       1.9    6.1   0.0     6    30    24    48    21    56 0.90 NODE_27_length_73011_cov_40.630920_29 # 27584 # 28342 # -1 # ID=27_29;partial=00;start_type=ATG;rbs_motif=GGA/GAG/AGG;rbs_spacer=11-12bp;gc_cont=0.536
NODE_27_length_73011_cov_40.630920:27584-28342|- -            253 5713                 -            210   0.00024   18.9   0.1   2   2   6.9e-05     0.087   10.5   0.1    85   151   120   197    77   244 0.70 NODE_27_length_73011_cov_40.630920_29 # 27584 # 28342 # -1 # ID=27_29;partial=00;start_type=ATG;rbs_motif=GGA/GAG/AGG;rbs_spacer=11-12bp;gc_cont=0.536
NODE_4_length_139564_cov_44.158667:41126-41746|+ -            207 5713                 -            210    0.0071   14.0   0.4   1   2     0.045        56    1.3   0.0     5    43     3    44     1    58 0.66 NODE_4_length_139564_cov_44.158667_37 # 41126 # 41746 # 1 # ID=4_37;partial=00;start_type=ATG;rbs_motif=GGA/GAG/AGG;rbs_spacer=5-10bp;gc_cont=0.528
NODE_4_length_139564_cov_44.158667:41126-41746|+ -            207 5713                 -            210    0.0071   14.0   0.4   2   2   5.3e-05     0.067   10.9   0.1   134   180   127   171   116   199 0.79 NODE_4_length_139564_cov_44.158667_37 # 41126 # 41746 # 1 # ID=4_37;partial=00;start_type=ATG;rbs_motif=GGA/GAG/AGG;rbs_spacer=5-10bp;gc_cont=0.528
#
# Program:         hmmsearch
# Version:         3.4 (Aug 2023)
# Pipeline mode:   SEARCH
# Query file:      /home/simonedassisi/busco_downloads/lineages/enterobacteriaceae_odb12/hmms/5713at543.hmm
# Target file:     home/simonedassisi/Desktop/BUSCO_output/prodigal_output/predicted_genes/predicted.faa
# Option settings: hmmsearch --domtblout home/simonedassisi/Desktop/BUSCO_output/run_enterobacteriaceae_odb12/hmmer_output/5713at543.out --cpu 1 /home/simonedassisi/busco_downloads/lineages/enterobacteriaceae_odb12/hmms/5713at543.hmm home/simonedassisi/Desktop/BUSCO_output/prodigal_output/predicted_genes/predicted.faa 
# Current dir:     /home/simonedassisi
# Date:            Tue Apr  1 14:30:25 2025
# [ok]
