#                                                                                                          --- full sequence --- -------------- this domain -------------   hmm coord   ali coord   env coord
# target name                                      accession   tlen query name           accession   qlen   E-value  score  bias   #  of  c-Evalue  i-Evalue  score  bias  from    to  from    to  from    to  acc description of target
#                              ------------------- ---------- ----- -------------------- ---------- ----- --------- ------ ----- --- --- --------- --------- ------ ----- ----- ----- ----- ----- ----- ----- ---- ---------------------
NODE_46_length_34184_cov_43.893884:4322-6151|-     -            610 5811                 -            609         0 1299.0   0.2   1   1         0         0 1298.8   0.2     1   609     1   609     1   609 1.00 NODE_46_length_34184_cov_43.893884_5 # 4322 # 6151 # -1 # ID=46_5;partial=00;start_type=ATG;rbs_motif=GGA/GAG/AGG;rbs_spacer=5-10bp;gc_cont=0.538
NODE_2_length_157429_cov_38.171358:36596-38113|+   -            506 5811                 -            609     4e-21   73.1   0.1   1   1   6.4e-24   5.3e-21   72.7   0.1     1   198     1   215     1   234 0.82 NODE_2_length_157429_cov_38.171358_35 # 36596 # 38113 # 1 # ID=2_35;partial=00;start_type=ATG;rbs_motif=GGAG/GAGG;rbs_spacer=5-10bp;gc_cont=0.528
NODE_1_length_276430_cov_40.515391:245207-246229|- -            341 5811                 -            609   1.1e-11   41.9   0.0   1   1   8.9e-14   7.5e-11   39.2   0.0   289   600    40   332    16   338 0.80 NODE_1_length_276430_cov_40.515391_218 # 245207 # 246229 # -1 # ID=1_218;partial=00;start_type=ATG;rbs_motif=GGAG/GAGG;rbs_spacer=5-10bp;gc_cont=0.548
NODE_27_length_73011_cov_40.630920:71506-72504|+   -            333 5811                 -            609   9.3e-05   19.1   0.0   1   1   1.6e-07   0.00013   18.6   0.0   292   497    46   238    37   253 0.80 NODE_27_length_73011_cov_40.630920_75 # 71506 # 72504 # 1 # ID=27_75;partial=00;start_type=ATG;rbs_motif=AGGAG;rbs_spacer=5-10bp;gc_cont=0.465
NODE_65_length_22714_cov_39.243724:14241-15395|+   -            385 5811                 -            609   0.00076   16.1   0.0   1   1   2.7e-06    0.0023   14.5   0.0   343   523   106   284    15   329 0.69 NODE_65_length_22714_cov_39.243724_15 # 14241 # 15395 # 1 # ID=65_15;partial=00;start_type=ATG;rbs_motif=AGGA;rbs_spacer=5-10bp;gc_cont=0.565
NODE_5_length_138947_cov_37.421618:29546-30313|+   -            256 5811                 -            609     0.024   11.1   0.0   1   1   3.5e-05      0.03   10.8   0.0    56   126    61   131    57   177 0.81 NODE_5_length_138947_cov_37.421618_25 # 29546 # 30313 # 1 # ID=5_25;partial=00;start_type=ATG;rbs_motif=GGAGG;rbs_spacer=5-10bp;gc_cont=0.534
#
# Program:         hmmsearch
# Version:         3.4 (Aug 2023)
# Pipeline mode:   SEARCH
# Query file:      /home/simonedassisi/busco_downloads/lineages/enterobacteriaceae_odb12/hmms/5811at543.hmm
# Target file:     home/simonedassisi/Desktop/BUSCO_output/prodigal_output/predicted_genes/predicted.faa
# Option settings: hmmsearch --domtblout home/simonedassisi/Desktop/BUSCO_output/run_enterobacteriaceae_odb12/hmmer_output/5811at543.out --cpu 1 /home/simonedassisi/busco_downloads/lineages/enterobacteriaceae_odb12/hmms/5811at543.hmm home/simonedassisi/Desktop/BUSCO_output/prodigal_output/predicted_genes/predicted.faa 
# Current dir:     /home/simonedassisi
# Date:            Tue Apr  1 14:30:25 2025
# [ok]
