#                                                                                                        --- full sequence --- -------------- this domain -------------   hmm coord   ali coord   env coord
# target name                                    accession   tlen query name           accession   qlen   E-value  score  bias   #  of  c-Evalue  i-Evalue  score  bias  from    to  from    to  from    to  acc description of target
#                            ------------------- ---------- ----- -------------------- ---------- ----- --------- ------ ----- --- --- --------- --------- ------ ----- ----- ----- ----- ----- ----- ----- ---- ---------------------
NODE_26_length_78359_cov_41.157595:2595-3554|+   -            320 61756                -            319    7e-206  680.7  25.9   1   1  7.8e-209  7.9e-206  680.6  25.9     1   319     1   319     1   319 1.00 NODE_26_length_78359_cov_41.157595_4 # 2595 # 3554 # 1 # ID=26_4;partial=00;start_type=ATG;rbs_motif=GGA/GAG/AGG;rbs_spacer=5-10bp;gc_cont=0.547
NODE_37_length_49199_cov_38.911069:44775-45464|+ -            230 61756                -            319   6.3e-09   33.6   2.3   1   1   6.7e-12   6.7e-09   33.5   1.2   164   248    86   171    74   199 0.83 NODE_37_length_49199_cov_38.911069_42 # 44775 # 45464 # 1 # ID=37_42;partial=00;start_type=ATG;rbs_motif=3Base/5BMM;rbs_spacer=13-15bp;gc_cont=0.541
NODE_13_length_92664_cov_37.475885:25877-26710|+ -            278 61756                -            319   6.6e-09   33.5   6.4   1   1   2.6e-11   2.7e-08   31.5   6.4   171   261   141   232    16   263 0.89 NODE_13_length_92664_cov_37.475885_30 # 25877 # 26710 # 1 # ID=13_30;partial=00;start_type=ATG;rbs_motif=GGxGG;rbs_spacer=5-10bp;gc_cont=0.565
NODE_26_length_78359_cov_41.157595:3554-4444|+   -            297 61756                -            319   1.1e-07   29.5   2.1   1   2     0.011        11    3.3   4.6    50   139    58   145    24   152 0.72 NODE_26_length_78359_cov_41.157595_5 # 3554 # 4444 # 1 # ID=26_5;partial=00;start_type=ATG;rbs_motif=GGAG/GAGG;rbs_spacer=5-10bp;gc_cont=0.570
NODE_26_length_78359_cov_41.157595:3554-4444|+   -            297 61756                -            319   1.1e-07   29.5   2.1   2   2   1.1e-10   1.1e-07   29.5   2.1   173   263   155   245   151   295 0.75 NODE_26_length_78359_cov_41.157595_5 # 3554 # 4444 # 1 # ID=26_5;partial=00;start_type=ATG;rbs_motif=GGAG/GAGG;rbs_spacer=5-10bp;gc_cont=0.570
NODE_13_length_92664_cov_37.475885:26710-27585|+ -            292 61756                -            319      0.13    9.5  15.9   1   1    0.0027       2.7    5.2  15.9   180   251   156   227    20   269 0.62 NODE_13_length_92664_cov_37.475885_31 # 26710 # 27585 # 1 # ID=13_31;partial=00;start_type=ATG;rbs_motif=GGA/GAG/AGG;rbs_spacer=5-10bp;gc_cont=0.564
#
# Program:         hmmsearch
# Version:         3.4 (Aug 2023)
# Pipeline mode:   SEARCH
# Query file:      /home/simonedassisi/busco_downloads/lineages/enterobacteriaceae_odb12/hmms/61756at543.hmm
# Target file:     home/simonedassisi/Desktop/BUSCO_output/prodigal_output/predicted_genes/predicted.faa
# Option settings: hmmsearch --domtblout home/simonedassisi/Desktop/BUSCO_output/run_enterobacteriaceae_odb12/hmmer_output/61756at543.out --cpu 1 /home/simonedassisi/busco_downloads/lineages/enterobacteriaceae_odb12/hmms/61756at543.hmm home/simonedassisi/Desktop/BUSCO_output/prodigal_output/predicted_genes/predicted.faa 
# Current dir:     /home/simonedassisi
# Date:            Tue Apr  1 14:30:27 2025
# [ok]
