#                                                                                                        --- full sequence --- -------------- this domain -------------   hmm coord   ali coord   env coord
# target name                                    accession   tlen query name           accession   qlen   E-value  score  bias   #  of  c-Evalue  i-Evalue  score  bias  from    to  from    to  from    to  acc description of target
#                            ------------------- ---------- ----- -------------------- ---------- ----- --------- ------ ----- --- --- --------- --------- ------ ----- ----- ----- ----- ----- ----- ----- ---- ---------------------
NODE_34_length_53173_cov_42.168382:408-2981|-    -            858 6579                 -            857         0 1844.6  14.4   1   1         0         0 1844.5  14.4     1   857     1   857     1   857 1.00 NODE_34_length_53173_cov_42.168382_1 # 408 # 2981 # -1 # ID=34_1;partial=00;start_type=ATG;rbs_motif=GGAGG;rbs_spacer=3-4bp;gc_cont=0.516
NODE_23_length_80065_cov_37.437114:22462-24738|- -            759 6579                 -            857  1.5e-196  653.2   5.6   1   2  7.1e-104    9e-101  336.3   0.7     6   408     2   416     1   421 0.87 NODE_23_length_80065_cov_37.437114_17 # 22462 # 24738 # -1 # ID=23_17;partial=00;start_type=ATG;rbs_motif=GGAGG;rbs_spacer=5-10bp;gc_cont=0.531
NODE_23_length_80065_cov_37.437114:22462-24738|- -            759 6579                 -            857  1.5e-196  653.2   5.6   2   2   6.7e-99   8.4e-96  319.9   0.5   530   851   420   738   416   743 0.96 NODE_23_length_80065_cov_37.437114_17 # 22462 # 24738 # -1 # ID=23_17;partial=00;start_type=ATG;rbs_motif=GGAGG;rbs_spacer=5-10bp;gc_cont=0.531
NODE_19_length_85129_cov_38.767276:18158-19432|- -            425 6579                 -            857   8.9e-09   32.0   0.1   1   3   1.4e-07   0.00018   17.7   0.0   562   622    70   136    59   149 0.81 NODE_19_length_85129_cov_38.767276_18 # 18158 # 19432 # -1 # ID=19_18;partial=00;start_type=ATG;rbs_motif=GGAG/GAGG;rbs_spacer=5-10bp;gc_cont=0.518
NODE_19_length_85129_cov_38.767276:18158-19432|- -            425 6579                 -            857   8.9e-09   32.0   0.1   2   3     0.065        82   -1.0   0.0    57   107   151   199   140   203 0.78 NODE_19_length_85129_cov_38.767276_18 # 18158 # 19432 # -1 # ID=19_18;partial=00;start_type=ATG;rbs_motif=GGAG/GAGG;rbs_spacer=5-10bp;gc_cont=0.518
NODE_19_length_85129_cov_38.767276:18158-19432|- -            425 6579                 -            857   8.9e-09   32.0   0.1   3   3   1.7e-05     0.021   10.9   0.0   748   823   299   378   285   390 0.84 NODE_19_length_85129_cov_38.767276_18 # 18158 # 19432 # -1 # ID=19_18;partial=00;start_type=ATG;rbs_motif=GGAG/GAGG;rbs_spacer=5-10bp;gc_cont=0.518
NODE_17_length_86457_cov_41.702653:5783-7114|+   -            444 6579                 -            857   2.1e-06   24.1   0.0   1   1   3.3e-09   4.2e-06   23.1   0.0   564   637    11    86     6    98 0.74 NODE_17_length_86457_cov_41.702653_7 # 5783 # 7114 # 1 # ID=17_7;partial=00;start_type=ATG;rbs_motif=AGGA;rbs_spacer=5-10bp;gc_cont=0.524
#
# Program:         hmmsearch
# Version:         3.4 (Aug 2023)
# Pipeline mode:   SEARCH
# Query file:      /home/simonedassisi/busco_downloads/lineages/enterobacteriaceae_odb12/hmms/6579at543.hmm
# Target file:     home/simonedassisi/Desktop/BUSCO_output/prodigal_output/predicted_genes/predicted.faa
# Option settings: hmmsearch --domtblout home/simonedassisi/Desktop/BUSCO_output/run_enterobacteriaceae_odb12/hmmer_output/6579at543.out --cpu 1 /home/simonedassisi/busco_downloads/lineages/enterobacteriaceae_odb12/hmms/6579at543.hmm home/simonedassisi/Desktop/BUSCO_output/prodigal_output/predicted_genes/predicted.faa 
# Current dir:     /home/simonedassisi
# Date:            Tue Apr  1 14:30:29 2025
# [ok]
