#                                                                                                        --- full sequence --- -------------- this domain -------------   hmm coord   ali coord   env coord
# target name                                    accession   tlen query name           accession   qlen   E-value  score  bias   #  of  c-Evalue  i-Evalue  score  bias  from    to  from    to  from    to  acc description of target
#                            ------------------- ---------- ----- -------------------- ---------- ----- --------- ------ ----- --- --- --------- --------- ------ ----- ----- ----- ----- ----- ----- ----- ---- ---------------------
NODE_4_length_139564_cov_44.158667:10030-10800|- -            257 6589                 -            256  9.1e-158  521.8  25.5   1   1    1e-160    1e-157  521.6  25.5     1   256     1   256     1   256 1.00 NODE_4_length_139564_cov_44.158667_13 # 10030 # 10800 # -1 # ID=4_13;partial=00;start_type=ATG;rbs_motif=AGGAG;rbs_spacer=5-10bp;gc_cont=0.507
NODE_96_length_9405_cov_33.901056:7043-7774|-    -            244 6589                 -            256   5.3e-06   24.5  21.9   1   1   7.5e-09   7.6e-06   23.9  21.9    27   238    14   224    10   240 0.68 NODE_96_length_9405_cov_33.901056_6 # 7043 # 7774 # -1 # ID=96_6;partial=00;start_type=ATG;rbs_motif=GGA/GAG/AGG;rbs_spacer=5-10bp;gc_cont=0.365
NODE_28_length_70179_cov_36.796251:3895-5001|-   -            369 6589                 -            256   0.00016   19.6  10.5   1   1   2.9e-07   0.00029   18.8  10.5    56   212   169   326   165   355 0.77 NODE_28_length_70179_cov_36.796251_6 # 3895 # 5001 # -1 # ID=28_6;partial=00;start_type=ATG;rbs_motif=GGAG/GAGG;rbs_spacer=5-10bp;gc_cont=0.522
NODE_66_length_21471_cov_38.343047:7563-8225|+   -            221 6589                 -            256    0.0014   16.6   0.9   1   1   2.2e-06    0.0022   15.9   0.7    59   150    46   137    21   170 0.83 NODE_66_length_21471_cov_38.343047_11 # 7563 # 8225 # 1 # ID=66_11;partial=00;start_type=ATG;rbs_motif=GGAG/GAGG;rbs_spacer=5-10bp;gc_cont=0.558
NODE_17_length_86457_cov_41.702653:7181-8107|+   -            309 6589                 -            256     0.013   13.4   6.3   1   3      0.11   1.1e+02    0.5   0.0    21    77     9    67     2    73 0.76 NODE_17_length_86457_cov_41.702653_8 # 7181 # 8107 # 1 # ID=17_8;partial=00;start_type=ATG;rbs_motif=None;rbs_spacer=None;gc_cont=0.535
NODE_17_length_86457_cov_41.702653:7181-8107|+   -            309 6589                 -            256     0.013   13.4   6.3   2   3   1.6e-05     0.016   13.0   3.1   155   248    82   179    79   183 0.84 NODE_17_length_86457_cov_41.702653_8 # 7181 # 8107 # 1 # ID=17_8;partial=00;start_type=ATG;rbs_motif=None;rbs_spacer=None;gc_cont=0.535
NODE_17_length_86457_cov_41.702653:7181-8107|+   -            309 6589                 -            256     0.013   13.4   6.3   3   3      0.92   9.3e+02   -2.6   0.1   138   139   253   254   214   304 0.56 NODE_17_length_86457_cov_41.702653_8 # 7181 # 8107 # 1 # ID=17_8;partial=00;start_type=ATG;rbs_motif=None;rbs_spacer=None;gc_cont=0.535
#
# Program:         hmmsearch
# Version:         3.4 (Aug 2023)
# Pipeline mode:   SEARCH
# Query file:      /home/simonedassisi/busco_downloads/lineages/enterobacteriaceae_odb12/hmms/6589at543.hmm
# Target file:     home/simonedassisi/Desktop/BUSCO_output/prodigal_output/predicted_genes/predicted.faa
# Option settings: hmmsearch --domtblout home/simonedassisi/Desktop/BUSCO_output/run_enterobacteriaceae_odb12/hmmer_output/6589at543.out --cpu 1 /home/simonedassisi/busco_downloads/lineages/enterobacteriaceae_odb12/hmms/6589at543.hmm home/simonedassisi/Desktop/BUSCO_output/prodigal_output/predicted_genes/predicted.faa 
# Current dir:     /home/simonedassisi
# Date:            Tue Apr  1 14:30:29 2025
# [ok]
