#                                                                                                          --- full sequence --- -------------- this domain -------------   hmm coord   ali coord   env coord
# target name                                      accession   tlen query name           accession   qlen   E-value  score  bias   #  of  c-Evalue  i-Evalue  score  bias  from    to  from    to  from    to  acc description of target
#                              ------------------- ---------- ----- -------------------- ---------- ----- --------- ------ ----- --- --- --------- --------- ------ ----- ----- ----- ----- ----- ----- ----- ---- ---------------------
NODE_32_length_57606_cov_39.295812:46451-47071|-   -            207 6650                 -            204  1.1e-118  392.3   1.9   1   1  1.7e-121  1.2e-118  392.1   1.9     1   204     1   206     1   206 0.99 NODE_32_length_57606_cov_39.295812_39 # 46451 # 47071 # -1 # ID=32_39;partial=00;start_type=ATG;rbs_motif=None;rbs_spacer=None;gc_cont=0.527
NODE_1_length_276430_cov_40.515391:144543-145601|+ -            353 6650                 -            204    0.0004   18.2   0.2   1   1   2.5e-06    0.0018   16.0   0.2     7   194    83   295    78   300 0.75 NODE_1_length_276430_cov_40.515391_129 # 144543 # 145601 # 1 # ID=1_129;partial=00;start_type=ATG;rbs_motif=GGAGG;rbs_spacer=5-10bp;gc_cont=0.537
NODE_57_length_27741_cov_69.425183:27022-27411|+   -            130 6650                 -            204    0.0063   14.3   4.2   1   1   1.1e-05     0.008   13.9   4.2    98   159    46   108    24   122 0.85 NODE_57_length_27741_cov_69.425183_28 # 27022 # 27411 # 1 # ID=57_28;partial=00;start_type=ATG;rbs_motif=AGGA;rbs_spacer=5-10bp;gc_cont=0.310
NODE_27_length_73011_cov_40.630920:53760-54017|+   -             86 6650                 -            204     0.018   12.8   0.0   1   1   2.7e-05      0.02   12.7   0.0   115   163    23    71     4    83 0.92 NODE_27_length_73011_cov_40.630920_57 # 53760 # 54017 # 1 # ID=27_57;partial=00;start_type=ATG;rbs_motif=GGA/GAG/AGG;rbs_spacer=5-10bp;gc_cont=0.484
NODE_16_length_86943_cov_42.279511:68913-70340|+   -            476 6650                 -            204     0.036   11.8   3.0   1   1   0.00014       0.1   10.3   3.0    79   166    48   136    15   142 0.84 NODE_16_length_86943_cov_42.279511_63 # 68913 # 70340 # 1 # ID=16_63;partial=00;start_type=GTG;rbs_motif=AGGAGG;rbs_spacer=3-4bp;gc_cont=0.528
NODE_23_length_80065_cov_37.437114:7170-8462|-     -            431 6650                 -            204     0.045   11.5   0.6   1   1   0.00015      0.11   10.2   0.6    92   162    29    98    24   104 0.90 NODE_23_length_80065_cov_37.437114_7 # 7170 # 8462 # -1 # ID=23_7;partial=00;start_type=ATG;rbs_motif=AGGA;rbs_spacer=5-10bp;gc_cont=0.531
NODE_17_length_86457_cov_41.702653:8770-9009|-     -             80 6650                 -            204     0.083   10.6   4.9   1   1   0.00014       0.1   10.4   4.9    95   155     8    71     3    78 0.75 NODE_17_length_86457_cov_41.702653_10 # 8770 # 9009 # -1 # ID=17_10;partial=00;start_type=ATG;rbs_motif=AGGAG;rbs_spacer=5-10bp;gc_cont=0.487
#
# Program:         hmmsearch
# Version:         3.4 (Aug 2023)
# Pipeline mode:   SEARCH
# Query file:      /home/simonedassisi/busco_downloads/lineages/enterobacteriaceae_odb12/hmms/6650at543.hmm
# Target file:     home/simonedassisi/Desktop/BUSCO_output/prodigal_output/predicted_genes/predicted.faa
# Option settings: hmmsearch --domtblout home/simonedassisi/Desktop/BUSCO_output/run_enterobacteriaceae_odb12/hmmer_output/6650at543.out --cpu 1 /home/simonedassisi/busco_downloads/lineages/enterobacteriaceae_odb12/hmms/6650at543.hmm home/simonedassisi/Desktop/BUSCO_output/prodigal_output/predicted_genes/predicted.faa 
# Current dir:     /home/simonedassisi
# Date:            Tue Apr  1 14:30:29 2025
# [ok]
