#                                                                                                          --- full sequence --- -------------- this domain -------------   hmm coord   ali coord   env coord
# target name                                      accession   tlen query name           accession   qlen   E-value  score  bias   #  of  c-Evalue  i-Evalue  score  bias  from    to  from    to  from    to  acc description of target
#                              ------------------- ---------- ----- -------------------- ---------- ----- --------- ------ ----- --- --- --------- --------- ------ ----- ----- ----- ----- ----- ----- ----- ---- ---------------------
NODE_36_length_50779_cov_38.268459:36524-37207|-   -            228 6861                 -            226  5.5e-132  436.5   0.3   1   1  6.1e-135  6.1e-132  436.4   0.3     1   225     1   225     1   226 0.99 NODE_36_length_50779_cov_38.268459_29 # 36524 # 37207 # -1 # ID=36_29;partial=00;start_type=ATG;rbs_motif=AGGAG;rbs_spacer=5-10bp;gc_cont=0.534
NODE_1_length_276430_cov_40.515391:228454-228975|+ -            174 6861                 -            226   0.00034   18.5   0.0   1   2   1.1e-05     0.011   13.5   0.0     8    36     7    35     1    42 0.88 NODE_1_length_276430_cov_40.515391_200 # 228454 # 228975 # 1 # ID=1_200;partial=00;start_type=ATG;rbs_motif=AGxAG;rbs_spacer=5-10bp;gc_cont=0.492
NODE_1_length_276430_cov_40.515391:228454-228975|+ -            174 6861                 -            226   0.00034   18.5   0.0   2   2      0.02        21    2.8   0.0   151   190    85   122    76   134 0.84 NODE_1_length_276430_cov_40.515391_200 # 228454 # 228975 # 1 # ID=1_200;partial=00;start_type=ATG;rbs_motif=AGxAG;rbs_spacer=5-10bp;gc_cont=0.492
NODE_82_length_13376_cov_48.421617:4398-5270|-     -            291 6861                 -            226      0.01   13.7   0.0   1   1   1.9e-05     0.019   12.8   0.0     2    25    33    56    32    60 0.89 NODE_82_length_13376_cov_48.421617_4 # 4398 # 5270 # -1 # ID=82_4;partial=00;start_type=ATG;rbs_motif=GGA/GAG/AGG;rbs_spacer=5-10bp;gc_cont=0.586
NODE_55_length_28139_cov_44.779594:9338-10210|-    -            291 6861                 -            226     0.011   13.6   0.0   1   1   1.9e-05     0.019   12.8   0.0     2    25    33    56    32    60 0.89 NODE_55_length_28139_cov_44.779594_9 # 9338 # 10210 # -1 # ID=55_9;partial=00;start_type=ATG;rbs_motif=GGA/GAG/AGG;rbs_spacer=5-10bp;gc_cont=0.586
NODE_86_length_12147_cov_42.083361:4825-5709|-     -            295 6861                 -            226     0.055   11.3   0.0   1   1   9.2e-05     0.093   10.5   0.0     4    26    37    59    34    64 0.88 NODE_86_length_12147_cov_42.083361_11 # 4825 # 5709 # -1 # ID=86_11;partial=00;start_type=ATG;rbs_motif=AGGA;rbs_spacer=5-10bp;gc_cont=0.536
#
# Program:         hmmsearch
# Version:         3.4 (Aug 2023)
# Pipeline mode:   SEARCH
# Query file:      /home/simonedassisi/busco_downloads/lineages/enterobacteriaceae_odb12/hmms/6861at543.hmm
# Target file:     home/simonedassisi/Desktop/BUSCO_output/prodigal_output/predicted_genes/predicted.faa
# Option settings: hmmsearch --domtblout home/simonedassisi/Desktop/BUSCO_output/run_enterobacteriaceae_odb12/hmmer_output/6861at543.out --cpu 1 /home/simonedassisi/busco_downloads/lineages/enterobacteriaceae_odb12/hmms/6861at543.hmm home/simonedassisi/Desktop/BUSCO_output/prodigal_output/predicted_genes/predicted.faa 
# Current dir:     /home/simonedassisi
# Date:            Tue Apr  1 14:30:31 2025
# [ok]
