#                                                                                                        --- full sequence --- -------------- this domain -------------   hmm coord   ali coord   env coord
# target name                                    accession   tlen query name           accession   qlen   E-value  score  bias   #  of  c-Evalue  i-Evalue  score  bias  from    to  from    to  from    to  acc description of target
#                            ------------------- ---------- ----- -------------------- ---------- ----- --------- ------ ----- --- --- --------- --------- ------ ----- ----- ----- ----- ----- ----- ----- ---- ---------------------
NODE_39_length_47213_cov_38.868135:4361-5407|+   -            349 6918                 -            348  2.9e-211  699.0   0.0   1   1  2.6e-214  3.3e-211  698.8   0.0     1   347     1   347     1   348 1.00 NODE_39_length_47213_cov_38.868135_5 # 4361 # 5407 # 1 # ID=39_5;partial=00;start_type=ATG;rbs_motif=GGA/GAG/AGG;rbs_spacer=5-10bp;gc_cont=0.540
NODE_39_length_47213_cov_38.868135:14527-15585|- -            353 6918                 -            348   4.4e-21   73.6   0.1   1   2   2.5e-11   3.2e-08   31.3   0.2     2    95     7   102     6   116 0.86 NODE_39_length_47213_cov_38.868135_15 # 14527 # 15585 # -1 # ID=39_15;partial=00;start_type=GTG;rbs_motif=GGA/GAG/AGG;rbs_spacer=5-10bp;gc_cont=0.469
NODE_39_length_47213_cov_38.868135:14527-15585|- -            353 6918                 -            348   4.4e-21   73.6   0.1   2   2   4.7e-14   5.9e-11   40.3   0.0   192   345   194   345   182   348 0.82 NODE_39_length_47213_cov_38.868135_15 # 14527 # 15585 # -1 # ID=39_15;partial=00;start_type=GTG;rbs_motif=GGA/GAG/AGG;rbs_spacer=5-10bp;gc_cont=0.469
NODE_39_length_47213_cov_38.868135:5411-6382|+   -            324 6918                 -            348   4.8e-13   47.2   0.0   1   1   2.2e-15   2.7e-12   44.7   0.0   190   295   187   287     1   302 0.87 NODE_39_length_47213_cov_38.868135_6 # 5411 # 6382 # 1 # ID=39_6;partial=00;start_type=ATG;rbs_motif=AGGA;rbs_spacer=5-10bp;gc_cont=0.514
NODE_24_length_79963_cov_36.490030:32004-33056|+ -            351 6918                 -            348      0.01   13.2   0.6   1   3      0.22   2.8e+02   -1.4   0.0   128   177    81   130    69   147 0.65 NODE_24_length_79963_cov_36.490030_32 # 32004 # 33056 # 1 # ID=24_32;partial=00;start_type=ATG;rbs_motif=AGGAG/GGAGG;rbs_spacer=11-12bp;gc_cont=0.383
NODE_24_length_79963_cov_36.490030:32004-33056|+ -            351 6918                 -            348      0.01   13.2   0.6   2   3      0.43   5.4e+02   -2.3   0.0   127   158   140   171   131   177 0.79 NODE_24_length_79963_cov_36.490030_32 # 32004 # 33056 # 1 # ID=24_32;partial=00;start_type=ATG;rbs_motif=AGGAG/GGAGG;rbs_spacer=11-12bp;gc_cont=0.383
NODE_24_length_79963_cov_36.490030:32004-33056|+ -            351 6918                 -            348      0.01   13.2   0.6   3   3   3.1e-05      0.04   11.3   0.0   251   289   272   310   250   336 0.80 NODE_24_length_79963_cov_36.490030_32 # 32004 # 33056 # 1 # ID=24_32;partial=00;start_type=ATG;rbs_motif=AGGAG/GGAGG;rbs_spacer=11-12bp;gc_cont=0.383
#
# Program:         hmmsearch
# Version:         3.4 (Aug 2023)
# Pipeline mode:   SEARCH
# Query file:      /home/simonedassisi/busco_downloads/lineages/enterobacteriaceae_odb12/hmms/6918at543.hmm
# Target file:     home/simonedassisi/Desktop/BUSCO_output/prodigal_output/predicted_genes/predicted.faa
# Option settings: hmmsearch --domtblout home/simonedassisi/Desktop/BUSCO_output/run_enterobacteriaceae_odb12/hmmer_output/6918at543.out --cpu 1 /home/simonedassisi/busco_downloads/lineages/enterobacteriaceae_odb12/hmms/6918at543.hmm home/simonedassisi/Desktop/BUSCO_output/prodigal_output/predicted_genes/predicted.faa 
# Current dir:     /home/simonedassisi
# Date:            Tue Apr  1 14:30:31 2025
# [ok]
