#                                                                                                        --- full sequence --- -------------- this domain -------------   hmm coord   ali coord   env coord
# target name                                    accession   tlen query name           accession   qlen   E-value  score  bias   #  of  c-Evalue  i-Evalue  score  bias  from    to  from    to  from    to  acc description of target
#                            ------------------- ---------- ----- -------------------- ---------- ----- --------- ------ ----- --- --- --------- --------- ------ ----- ----- ----- ----- ----- ----- ----- ---- ---------------------
NODE_42_length_44050_cov_40.658288:4855-5559|-   -            235 6979                 -            210  3.2e-139  459.8   8.2   1   1  4.6e-142  3.9e-139  459.5   8.2     1   206    20   225    20   228 0.99 NODE_42_length_44050_cov_40.658288_5 # 4855 # 5559 # -1 # ID=42_5;partial=00;start_type=ATG;rbs_motif=GGAG/GAGG;rbs_spacer=5-10bp;gc_cont=0.526
NODE_21_length_83220_cov_38.326345:73408-74055|- -            216 6979                 -            210   6.4e-05   21.0   0.0   1   1   1.4e-07   0.00012   20.1   0.0     6    58     7    58     1    80 0.84 NODE_21_length_83220_cov_38.326345_70 # 73408 # 74055 # -1 # ID=21_70;partial=00;start_type=ATG;rbs_motif=None;rbs_spacer=None;gc_cont=0.454
NODE_25_length_79707_cov_37.284883:45111-45710|- -            200 6979                 -            210   7.1e-05   20.8   0.0   1   1   1.2e-07   9.8e-05   20.4   0.0    10    66     7    63     2   172 0.87 NODE_25_length_79707_cov_37.284883_41 # 45111 # 45710 # -1 # ID=25_41;partial=00;start_type=ATG;rbs_motif=None;rbs_spacer=None;gc_cont=0.527
NODE_103_length_6820_cov_74.072314:624-1217|+    -            198 6979                 -            210   9.6e-05   20.4   0.0   1   1   1.6e-07   0.00014   19.9   0.0     9   103    12   104     3   111 0.80 NODE_103_length_6820_cov_74.072314_2 # 624 # 1217 # 1 # ID=103_2;partial=00;start_type=ATG;rbs_motif=None;rbs_spacer=None;gc_cont=0.327
NODE_8_length_126545_cov_41.885285:10366-11028|+ -            221 6979                 -            210    0.0011   16.9   0.1   1   2   6.1e-06    0.0051   14.8   0.0     9    58    10    58     1    76 0.86 NODE_8_length_126545_cov_41.885285_10 # 10366 # 11028 # 1 # ID=8_10;partial=00;start_type=ATG;rbs_motif=None;rbs_spacer=None;gc_cont=0.439
NODE_8_length_126545_cov_41.885285:10366-11028|+ -            221 6979                 -            210    0.0011   16.9   0.1   2   2      0.25   2.1e+02   -0.3   0.0   173   192    83   102    73   107 0.83 NODE_8_length_126545_cov_41.885285_10 # 10366 # 11028 # 1 # ID=8_10;partial=00;start_type=ATG;rbs_motif=None;rbs_spacer=None;gc_cont=0.439
NODE_25_length_79707_cov_37.284883:74687-75265|+ -            193 6979                 -            210    0.0025   15.8   0.1   1   1   6.4e-06    0.0054   14.7   0.1    11    58     8    54     1    70 0.80 NODE_25_length_79707_cov_37.284883_73 # 74687 # 75265 # 1 # ID=25_73;partial=00;start_type=ATG;rbs_motif=GGA/GAG/AGG;rbs_spacer=3-4bp;gc_cont=0.508
#
# Program:         hmmsearch
# Version:         3.4 (Aug 2023)
# Pipeline mode:   SEARCH
# Query file:      /home/simonedassisi/busco_downloads/lineages/enterobacteriaceae_odb12/hmms/6979at543.hmm
# Target file:     home/simonedassisi/Desktop/BUSCO_output/prodigal_output/predicted_genes/predicted.faa
# Option settings: hmmsearch --domtblout home/simonedassisi/Desktop/BUSCO_output/run_enterobacteriaceae_odb12/hmmer_output/6979at543.out --cpu 1 /home/simonedassisi/busco_downloads/lineages/enterobacteriaceae_odb12/hmms/6979at543.hmm home/simonedassisi/Desktop/BUSCO_output/prodigal_output/predicted_genes/predicted.faa 
# Current dir:     /home/simonedassisi
# Date:            Tue Apr  1 14:30:31 2025
# [ok]
