#                                                                                                        --- full sequence --- -------------- this domain -------------   hmm coord   ali coord   env coord
# target name                                    accession   tlen query name           accession   qlen   E-value  score  bias   #  of  c-Evalue  i-Evalue  score  bias  from    to  from    to  from    to  acc description of target
#                            ------------------- ---------- ----- -------------------- ---------- ----- --------- ------ ----- --- --- --------- --------- ------ ----- ----- ----- ----- ----- ----- ----- ---- ---------------------
NODE_8_length_126545_cov_41.885285:78062-78613|+ -            184 7105                 -            182    1e-102  339.2   0.0   1   1  4.5e-106  1.1e-102  339.1   0.0     1   181     1   181     1   182 0.99 NODE_8_length_126545_cov_41.885285_73 # 78062 # 78613 # 1 # ID=8_73;partial=00;start_type=ATG;rbs_motif=GGA/GAG/AGG;rbs_spacer=5-10bp;gc_cont=0.498
NODE_6_length_131096_cov_36.333598:90431-93064|- -            878 7105                 -            182   3.6e-07   27.9   1.6   1   5   3.7e-05     0.093   10.2   0.0    52    89    60    97    28   106 0.82 NODE_6_length_131096_cov_36.333598_94 # 90431 # 93064 # -1 # ID=6_94;partial=00;start_type=ATG;rbs_motif=GGA/GAG/AGG;rbs_spacer=5-10bp;gc_cont=0.534
NODE_6_length_131096_cov_36.333598:90431-93064|- -            878 7105                 -            182   3.6e-07   27.9   1.6   2   5     0.041     1e+02    0.3   0.0    47    95   168   216   145   228 0.81 NODE_6_length_131096_cov_36.333598_94 # 90431 # 93064 # -1 # ID=6_94;partial=00;start_type=ATG;rbs_motif=GGA/GAG/AGG;rbs_spacer=5-10bp;gc_cont=0.534
NODE_6_length_131096_cov_36.333598:90431-93064|- -            878 7105                 -            182   3.6e-07   27.9   1.6   3   5     0.033        83    0.6   0.0    51    86   404   439   388   454 0.86 NODE_6_length_131096_cov_36.333598_94 # 90431 # 93064 # -1 # ID=6_94;partial=00;start_type=ATG;rbs_motif=GGA/GAG/AGG;rbs_spacer=5-10bp;gc_cont=0.534
NODE_6_length_131096_cov_36.333598:90431-93064|- -            878 7105                 -            182   3.6e-07   27.9   1.6   4   5      0.21   5.3e+02   -2.0   0.0    49    73   644   668   637   675 0.84 NODE_6_length_131096_cov_36.333598_94 # 90431 # 93064 # -1 # ID=6_94;partial=00;start_type=ATG;rbs_motif=GGA/GAG/AGG;rbs_spacer=5-10bp;gc_cont=0.534
NODE_6_length_131096_cov_36.333598:90431-93064|- -            878 7105                 -            182   3.6e-07   27.9   1.6   5   5   2.5e-05     0.064   10.7   0.0    29   100   737   808   732   816 0.82 NODE_6_length_131096_cov_36.333598_94 # 90431 # 93064 # -1 # ID=6_94;partial=00;start_type=ATG;rbs_motif=GGA/GAG/AGG;rbs_spacer=5-10bp;gc_cont=0.534
#
# Program:         hmmsearch
# Version:         3.4 (Aug 2023)
# Pipeline mode:   SEARCH
# Query file:      /home/simonedassisi/busco_downloads/lineages/enterobacteriaceae_odb12/hmms/7105at543.hmm
# Target file:     home/simonedassisi/Desktop/BUSCO_output/prodigal_output/predicted_genes/predicted.faa
# Option settings: hmmsearch --domtblout home/simonedassisi/Desktop/BUSCO_output/run_enterobacteriaceae_odb12/hmmer_output/7105at543.out --cpu 1 /home/simonedassisi/busco_downloads/lineages/enterobacteriaceae_odb12/hmms/7105at543.hmm home/simonedassisi/Desktop/BUSCO_output/prodigal_output/predicted_genes/predicted.faa 
# Current dir:     /home/simonedassisi
# Date:            Tue Apr  1 14:30:31 2025
# [ok]
