#                                                                                                          --- full sequence --- -------------- this domain -------------   hmm coord   ali coord   env coord
# target name                                      accession   tlen query name           accession   qlen   E-value  score  bias   #  of  c-Evalue  i-Evalue  score  bias  from    to  from    to  from    to  acc description of target
#                              ------------------- ---------- ----- -------------------- ---------- ----- --------- ------ ----- --- --- --------- --------- ------ ----- ----- ----- ----- ----- ----- ----- ---- ---------------------
NODE_36_length_50779_cov_38.268459:34740-36413|-   -            558 7153                 -            556         0 1170.9  20.7   1   1         0         0 1170.7  20.7     1   556     1   557     1   557 0.99 NODE_36_length_50779_cov_38.268459_28 # 34740 # 36413 # -1 # ID=36_28;partial=00;start_type=ATG;rbs_motif=None;rbs_spacer=None;gc_cont=0.512
NODE_1_length_276430_cov_40.515391:207741-210062|- -            774 7153                 -            556   1.8e-16   57.6   0.2   1   2      0.47     6e+02   -3.5   0.0   432   484   445   497   441   514 0.71 NODE_1_length_276430_cov_40.515391_183 # 207741 # 210062 # -1 # ID=1_183;partial=00;start_type=ATG;rbs_motif=None;rbs_spacer=None;gc_cont=0.570
NODE_1_length_276430_cov_40.515391:207741-210062|- -            774 7153                 -            556   1.8e-16   57.6   0.2   2   2   2.9e-19   3.6e-16   56.6   0.1   184   267   643   726   632   738 0.89 NODE_1_length_276430_cov_40.515391_183 # 207741 # 210062 # -1 # ID=1_183;partial=00;start_type=ATG;rbs_motif=None;rbs_spacer=None;gc_cont=0.570
NODE_8_length_126545_cov_41.885285:105354-107489|+ -            712 7153                 -            556     1e-12   45.2   0.1   1   1   1.8e-15   2.2e-12   44.1   0.1   183   261   613   691   591   705 0.83 NODE_8_length_126545_cov_41.885285_100 # 105354 # 107489 # 1 # ID=8_100;partial=00;start_type=TTG;rbs_motif=AGGA;rbs_spacer=5-10bp;gc_cont=0.539
NODE_29_length_69919_cov_43.020805:8666-11107|-    -            814 7153                 -            556   8.1e-06   22.4   0.2   1   2      0.51   6.5e+02   -3.7   0.0   489   514   112   137    89   144 0.68 NODE_29_length_69919_cov_43.020805_12 # 8666 # 11107 # -1 # ID=29_12;partial=00;start_type=ATG;rbs_motif=GGAGG;rbs_spacer=5-10bp;gc_cont=0.552
NODE_29_length_69919_cov_43.020805:8666-11107|-    -            814 7153                 -            556   8.1e-06   22.4   0.2   2   2   1.4e-08   1.8e-05   21.3   0.1   363   434   643   725   630   750 0.77 NODE_29_length_69919_cov_43.020805_12 # 8666 # 11107 # -1 # ID=29_12;partial=00;start_type=ATG;rbs_motif=GGAGG;rbs_spacer=5-10bp;gc_cont=0.552
#
# Program:         hmmsearch
# Version:         3.4 (Aug 2023)
# Pipeline mode:   SEARCH
# Query file:      /home/simonedassisi/busco_downloads/lineages/enterobacteriaceae_odb12/hmms/7153at543.hmm
# Target file:     home/simonedassisi/Desktop/BUSCO_output/prodigal_output/predicted_genes/predicted.faa
# Option settings: hmmsearch --domtblout home/simonedassisi/Desktop/BUSCO_output/run_enterobacteriaceae_odb12/hmmer_output/7153at543.out --cpu 1 /home/simonedassisi/busco_downloads/lineages/enterobacteriaceae_odb12/hmms/7153at543.hmm home/simonedassisi/Desktop/BUSCO_output/prodigal_output/predicted_genes/predicted.faa 
# Current dir:     /home/simonedassisi
# Date:            Tue Apr  1 14:30:32 2025
# [ok]
