#                                                                                                        --- full sequence --- -------------- this domain -------------   hmm coord   ali coord   env coord
# target name                                    accession   tlen query name           accession   qlen   E-value  score  bias   #  of  c-Evalue  i-Evalue  score  bias  from    to  from    to  from    to  acc description of target
#                            ------------------- ---------- ----- -------------------- ---------- ----- --------- ------ ----- --- --- --------- --------- ------ ----- ----- ----- ----- ----- ----- ----- ---- ---------------------
NODE_8_length_126545_cov_41.885285:41440-42807|- -            456 7331                 -            443  4.2e-250  828.0  13.9   1   1  4.7e-253  4.7e-250  827.8  13.9     1   443     2   455     2   455 0.96 NODE_8_length_126545_cov_41.885285_38 # 41440 # 42807 # -1 # ID=8_38;partial=00;start_type=ATG;rbs_motif=AGxAGG/AGGxGG;rbs_spacer=3-4bp;gc_cont=0.520
NODE_30_length_69036_cov_41.149327:40590-42014|- -            475 7331                 -            443  6.7e-192  636.1  27.1   1   2     7e-21     7e-18   62.6   0.2     1    77     2    83     2    90 0.82 NODE_30_length_69036_cov_41.149327_40 # 40590 # 42014 # -1 # ID=30_40;partial=00;start_type=ATG;rbs_motif=GGA/GAG/AGG;rbs_spacer=5-10bp;gc_cont=0.542
NODE_30_length_69036_cov_41.149327:40590-42014|- -            475 7331                 -            443  6.7e-192  636.1  27.1   2   2  7.4e-177  7.4e-174  576.7  21.8    72   443   104   474   101   474 0.98 NODE_30_length_69036_cov_41.149327_40 # 40590 # 42014 # -1 # ID=30_40;partial=00;start_type=ATG;rbs_motif=GGA/GAG/AGG;rbs_spacer=5-10bp;gc_cont=0.542
NODE_8_length_126545_cov_41.885285:40283-41350|- -            356 7331                 -            443   1.6e-78  262.4   7.3   1   1   1.8e-81   1.8e-78  262.3   7.3    60   349    56   350     2   355 0.86 NODE_8_length_126545_cov_41.885285_37 # 40283 # 41350 # -1 # ID=8_37;partial=00;start_type=ATG;rbs_motif=None;rbs_spacer=None;gc_cont=0.532
NODE_30_length_69036_cov_41.149327:25855-27207|- -            451 7331                 -            443   2.7e-06   24.4   0.0   1   2      0.14   1.4e+02   -1.0   0.0   283   340   131   188   128   201 0.74 NODE_30_length_69036_cov_41.149327_26 # 25855 # 27207 # -1 # ID=30_26;partial=00;start_type=ATG;rbs_motif=GGA/GAG/AGG;rbs_spacer=5-10bp;gc_cont=0.508
NODE_30_length_69036_cov_41.149327:25855-27207|- -            451 7331                 -            443   2.7e-06   24.4   0.0   2   2   1.1e-08   1.1e-05   22.4   0.0   283   345   226   287   218   297 0.88 NODE_30_length_69036_cov_41.149327_26 # 25855 # 27207 # -1 # ID=30_26;partial=00;start_type=ATG;rbs_motif=GGA/GAG/AGG;rbs_spacer=5-10bp;gc_cont=0.508
NODE_33_length_56462_cov_40.195669:47093-47596|- -            168 7331                 -            443    0.0057   13.5   0.1   1   1   6.7e-06    0.0068   13.2   0.1   291   378    15   102     4   140 0.78 NODE_33_length_56462_cov_40.195669_45 # 47093 # 47596 # -1 # ID=33_45;partial=00;start_type=ATG;rbs_motif=GGAG/GAGG;rbs_spacer=5-10bp;gc_cont=0.524
#
# Program:         hmmsearch
# Version:         3.4 (Aug 2023)
# Pipeline mode:   SEARCH
# Query file:      /home/simonedassisi/busco_downloads/lineages/enterobacteriaceae_odb12/hmms/7331at543.hmm
# Target file:     home/simonedassisi/Desktop/BUSCO_output/prodigal_output/predicted_genes/predicted.faa
# Option settings: hmmsearch --domtblout home/simonedassisi/Desktop/BUSCO_output/run_enterobacteriaceae_odb12/hmmer_output/7331at543.out --cpu 1 /home/simonedassisi/busco_downloads/lineages/enterobacteriaceae_odb12/hmms/7331at543.hmm home/simonedassisi/Desktop/BUSCO_output/prodigal_output/predicted_genes/predicted.faa 
# Current dir:     /home/simonedassisi
# Date:            Tue Apr  1 14:30:32 2025
# [ok]
