#                                                                                                        --- full sequence --- -------------- this domain -------------   hmm coord   ali coord   env coord
# target name                                    accession   tlen query name           accession   qlen   E-value  score  bias   #  of  c-Evalue  i-Evalue  score  bias  from    to  from    to  from    to  acc description of target
#                            ------------------- ---------- ----- -------------------- ---------- ----- --------- ------ ----- --- --- --------- --------- ------ ----- ----- ----- ----- ----- ----- ----- ---- ---------------------
NODE_29_length_69919_cov_43.020805:14464-15723|- -            420 7348                 -            393  8.5e-229  757.2   0.0   1   1  8.7e-232  1.1e-228  756.9   0.0     1   393     1   419     1   419 0.92 NODE_29_length_69919_cov_43.020805_17 # 14464 # 15723 # -1 # ID=29_17;partial=00;start_type=ATG;rbs_motif=GGAG/GAGG;rbs_spacer=5-10bp;gc_cont=0.563
NODE_21_length_83220_cov_38.326345:44246-45163|+ -            306 7348                 -            393   7.9e-16   56.0   3.0   1   1   6.8e-19   8.6e-16   55.9   3.0    67   305     7   248     1   302 0.82 NODE_21_length_83220_cov_38.326345_44 # 44246 # 45163 # 1 # ID=21_44;partial=00;start_type=ATG;rbs_motif=AGGAG;rbs_spacer=5-10bp;gc_cont=0.528
NODE_29_length_69919_cov_43.020805:13457-14461|- -            335 7348                 -            393   3.1e-10   37.6   6.5   1   2   2.8e-13   3.6e-10   37.4   0.2    63   203     4   154     1   161 0.78 NODE_29_length_69919_cov_43.020805_16 # 13457 # 14461 # -1 # ID=29_16;partial=00;start_type=ATG;rbs_motif=AGxAGG/AGGxGG;rbs_spacer=5-10bp;gc_cont=0.532
NODE_29_length_69919_cov_43.020805:13457-14461|- -            335 7348                 -            393   3.1e-10   37.6   6.5   2   2    0.0098        12    2.7   1.9   208   289   193   277   166   317 0.71 NODE_29_length_69919_cov_43.020805_16 # 13457 # 14461 # -1 # ID=29_16;partial=00;start_type=ATG;rbs_motif=AGxAGG/AGGxGG;rbs_spacer=5-10bp;gc_cont=0.532
NODE_58_length_27727_cov_38.767101:1879-3006|-   -            376 7348                 -            393   1.2e-05   22.6   0.2   1   2      0.13   1.7e+02   -1.0   0.0   236   266   106   136    78   140 0.79 NODE_58_length_27727_cov_38.767101_3 # 1879 # 3006 # -1 # ID=58_3;partial=00;start_type=ATG;rbs_motif=AGGA;rbs_spacer=5-10bp;gc_cont=0.500
NODE_58_length_27727_cov_38.767101:1879-3006|-   -            376 7348                 -            393   1.2e-05   22.6   0.2   2   2   3.1e-08   3.9e-05   20.8   0.1    90   221   154   286   145   330 0.81 NODE_58_length_27727_cov_38.767101_3 # 1879 # 3006 # -1 # ID=58_3;partial=00;start_type=ATG;rbs_motif=AGGA;rbs_spacer=5-10bp;gc_cont=0.500
#
# Program:         hmmsearch
# Version:         3.4 (Aug 2023)
# Pipeline mode:   SEARCH
# Query file:      /home/simonedassisi/busco_downloads/lineages/enterobacteriaceae_odb12/hmms/7348at543.hmm
# Target file:     home/simonedassisi/Desktop/BUSCO_output/prodigal_output/predicted_genes/predicted.faa
# Option settings: hmmsearch --domtblout home/simonedassisi/Desktop/BUSCO_output/run_enterobacteriaceae_odb12/hmmer_output/7348at543.out --cpu 1 /home/simonedassisi/busco_downloads/lineages/enterobacteriaceae_odb12/hmms/7348at543.hmm home/simonedassisi/Desktop/BUSCO_output/prodigal_output/predicted_genes/predicted.faa 
# Current dir:     /home/simonedassisi
# Date:            Tue Apr  1 14:30:32 2025
# [ok]
