#                                                                                                        --- full sequence --- -------------- this domain -------------   hmm coord   ali coord   env coord
# target name                                    accession   tlen query name           accession   qlen   E-value  score  bias   #  of  c-Evalue  i-Evalue  score  bias  from    to  from    to  from    to  acc description of target
#                            ------------------- ---------- ----- -------------------- ---------- ----- --------- ------ ----- --- --- --------- --------- ------ ----- ----- ----- ----- ----- ----- ----- ---- ---------------------
NODE_22_length_80627_cov_36.893466:21701-22420|+ -            240 7628                 -            248  1.6e-114  380.2  12.7   1   1  2.1e-117  1.8e-114  380.1  12.7     1   247     1   238     1   239 0.95 NODE_22_length_80627_cov_36.893466_21 # 21701 # 22420 # 1 # ID=22_21;partial=00;start_type=ATG;rbs_motif=None;rbs_spacer=None;gc_cont=0.547
NODE_76_length_15861_cov_41.965362:1010-1336|-   -            109 7628                 -            248   1.2e-24   85.8   0.1   1   1   1.9e-27   1.6e-24   85.4   0.1   156   240    20   104    15   106 0.96 NODE_76_length_15861_cov_41.965362_2 # 1010 # 1336 # -1 # ID=76_2;partial=00;start_type=ATG;rbs_motif=AGGA;rbs_spacer=5-10bp;gc_cont=0.459
NODE_37_length_49199_cov_38.911069:25379-26644|+ -            422 7628                 -            248     6e-07   27.8   7.7   1   2   7.2e-10     6e-07   27.8   7.7    10   156    12   157     4   175 0.44 NODE_37_length_49199_cov_38.911069_24 # 25379 # 26644 # 1 # ID=37_24;partial=00;start_type=GTG;rbs_motif=GGA/GAG/AGG;rbs_spacer=5-10bp;gc_cont=0.522
NODE_37_length_49199_cov_38.911069:25379-26644|+ -            422 7628                 -            248     6e-07   27.8   7.7   2   2         6     5e+03  -10.0  28.0    49   149   193   275   167   297 0.25 NODE_37_length_49199_cov_38.911069_24 # 25379 # 26644 # 1 # ID=37_24;partial=00;start_type=GTG;rbs_motif=GGA/GAG/AGG;rbs_spacer=5-10bp;gc_cont=0.522
NODE_35_length_52795_cov_36.978564:16421-16594|- -             58 7628                 -            248     0.053   11.6   3.5   1   1     7e-05     0.058   11.5   3.5    80   115    10    45     4    56 0.62 NODE_35_length_52795_cov_36.978564_14 # 16421 # 16594 # -1 # ID=35_14;partial=00;start_type=ATG;rbs_motif=GGAGG;rbs_spacer=5-10bp;gc_cont=0.517
NODE_2_length_157429_cov_38.171358:35150-35812|+ -            221 7628                 -            248     0.069   11.3  12.0   1   1   0.00011     0.089   10.9  12.0    66   113    87   138    49   162 0.69 NODE_2_length_157429_cov_38.171358_33 # 35150 # 35812 # 1 # ID=2_33;partial=00;start_type=GTG;rbs_motif=AGGAG;rbs_spacer=5-10bp;gc_cont=0.573
NODE_71_length_16748_cov_35.319114:2251-3819|+   -            523 7628                 -            248      0.37    8.9   8.7   1   1   0.00068      0.57    8.2   8.7    69   108   181   221   171   229 0.51 NODE_71_length_16748_cov_35.319114_3 # 2251 # 3819 # 1 # ID=71_3;partial=00;start_type=ATG;rbs_motif=None;rbs_spacer=None;gc_cont=0.498
#
# Program:         hmmsearch
# Version:         3.4 (Aug 2023)
# Pipeline mode:   SEARCH
# Query file:      /home/simonedassisi/busco_downloads/lineages/enterobacteriaceae_odb12/hmms/7628at543.hmm
# Target file:     home/simonedassisi/Desktop/BUSCO_output/prodigal_output/predicted_genes/predicted.faa
# Option settings: hmmsearch --domtblout home/simonedassisi/Desktop/BUSCO_output/run_enterobacteriaceae_odb12/hmmer_output/7628at543.out --cpu 1 /home/simonedassisi/busco_downloads/lineages/enterobacteriaceae_odb12/hmms/7628at543.hmm home/simonedassisi/Desktop/BUSCO_output/prodigal_output/predicted_genes/predicted.faa 
# Current dir:     /home/simonedassisi
# Date:            Tue Apr  1 14:30:33 2025
# [ok]
