#                                                                                                        --- full sequence --- -------------- this domain -------------   hmm coord   ali coord   env coord
# target name                                    accession   tlen query name           accession   qlen   E-value  score  bias   #  of  c-Evalue  i-Evalue  score  bias  from    to  from    to  from    to  acc description of target
#                            ------------------- ---------- ----- -------------------- ---------- ----- --------- ------ ----- --- --- --------- --------- ------ ----- ----- ----- ----- ----- ----- ----- ---- ---------------------
NODE_46_length_34184_cov_43.893884:10797-12338|- -            514 8268                 -            513         0 1122.4   2.0   1   1         0         0 1122.2   2.0     1   513     1   513     1   513 1.00 NODE_46_length_34184_cov_43.893884_10 # 10797 # 12338 # -1 # ID=46_10;partial=00;start_type=ATG;rbs_motif=GGA/GAG/AGG;rbs_spacer=5-10bp;gc_cont=0.534
NODE_46_length_34184_cov_43.893884:8474-9856|-   -            461 8268                 -            513   1.1e-30  105.1   0.4   1   2   5.5e-32   5.5e-29   99.5   0.3    65   431    46   401     2   413 0.82 NODE_46_length_34184_cov_43.893884_8 # 8474 # 9856 # -1 # ID=46_8;partial=00;start_type=ATG;rbs_motif=GGAG/GAGG;rbs_spacer=5-10bp;gc_cont=0.550
NODE_46_length_34184_cov_43.893884:8474-9856|-   -            461 8268                 -            513   1.1e-30  105.1   0.4   2   2      0.27   2.7e+02   -1.8   0.0    28    64   415   448   394   454 0.77 NODE_46_length_34184_cov_43.893884_8 # 8474 # 9856 # -1 # ID=46_8;partial=00;start_type=ATG;rbs_motif=GGAG/GAGG;rbs_spacer=5-10bp;gc_cont=0.550
NODE_24_length_79963_cov_36.490030:72393-73766|- -            458 8268                 -            513   4.6e-26   89.9   0.1   1   1     2e-28     2e-25   87.8   0.1    96   380   109   378    96   421 0.89 NODE_24_length_79963_cov_36.490030_75 # 72393 # 73766 # -1 # ID=24_75;partial=00;start_type=ATG;rbs_motif=AGGAG;rbs_spacer=5-10bp;gc_cont=0.578
NODE_116_length_4699_cov_32.491470:1793-2563|-   -            257 8268                 -            513   3.9e-14   50.5   0.2   1   1   4.2e-17   4.2e-14   50.4   0.2    75   265    63   254    19   256 0.91 NODE_116_length_4699_cov_32.491470_5 # 1793 # 2563 # -1 # ID=116_5;partial=00;start_type=ATG;rbs_motif=GGAG/GAGG;rbs_spacer=5-10bp;gc_cont=0.438
NODE_116_length_4699_cov_32.491470:1271-1780|-   -            170 8268                 -            513   2.7e-08   31.3   0.0   1   1   5.5e-10   5.5e-07   26.9   0.0   321   441    34   157     1   164 0.82 NODE_116_length_4699_cov_32.491470_4 # 1271 # 1780 # -1 # ID=116_4;partial=00;start_type=ATG;rbs_motif=GGA/GAG/AGG;rbs_spacer=11-12bp;gc_cont=0.439
#
# Program:         hmmsearch
# Version:         3.4 (Aug 2023)
# Pipeline mode:   SEARCH
# Query file:      /home/simonedassisi/busco_downloads/lineages/enterobacteriaceae_odb12/hmms/8268at543.hmm
# Target file:     home/simonedassisi/Desktop/BUSCO_output/prodigal_output/predicted_genes/predicted.faa
# Option settings: hmmsearch --domtblout home/simonedassisi/Desktop/BUSCO_output/run_enterobacteriaceae_odb12/hmmer_output/8268at543.out --cpu 1 /home/simonedassisi/busco_downloads/lineages/enterobacteriaceae_odb12/hmms/8268at543.hmm home/simonedassisi/Desktop/BUSCO_output/prodigal_output/predicted_genes/predicted.faa 
# Current dir:     /home/simonedassisi
# Date:            Tue Apr  1 14:30:33 2025
# [ok]
