#                                                                                                        --- full sequence --- -------------- this domain -------------   hmm coord   ali coord   env coord
# target name                                    accession   tlen query name           accession   qlen   E-value  score  bias   #  of  c-Evalue  i-Evalue  score  bias  from    to  from    to  from    to  acc description of target
#                            ------------------- ---------- ----- -------------------- ---------- ----- --------- ------ ----- --- --- --------- --------- ------ ----- ----- ----- ----- ----- ----- ----- ---- ---------------------
NODE_4_length_139564_cov_44.158667:73481-74881|+ -            467 8285                 -            465         0 1019.4   0.1   1   1         0         0 1019.3   0.1     1   465     1   465     1   465 1.00 NODE_4_length_139564_cov_44.158667_65 # 73481 # 74881 # 1 # ID=4_65;partial=00;start_type=ATG;rbs_motif=AGxAGG/AGGxGG;rbs_spacer=5-10bp;gc_cont=0.555
NODE_22_length_80627_cov_36.893466:44406-47081|+ -            892 8285                 -            465   4.2e-29   99.6   0.0   1   1   5.1e-32   6.5e-29   98.9   0.0   123   459   207   564   196   567 0.84 NODE_22_length_80627_cov_36.893466_46 # 44406 # 47081 # 1 # ID=22_46;partial=00;start_type=ATG;rbs_motif=AGGAGG;rbs_spacer=3-4bp;gc_cont=0.528
NODE_97_length_9166_cov_37.516539:3475-5736|+    -            754 8285                 -            465   8.1e-24   82.1   0.0   1   1   1.1e-26   1.3e-23   81.4   0.0   119   446   140   459   123   482 0.86 NODE_97_length_9166_cov_37.516539_4 # 3475 # 5736 # 1 # ID=97_4;partial=00;start_type=ATG;rbs_motif=GGAG/GAGG;rbs_spacer=5-10bp;gc_cont=0.516
NODE_4_length_139564_cov_44.158667:20289-22886|- -            866 8285                 -            465   3.9e-20   70.0   0.2   1   3    0.0014       1.7    5.2   0.0   116   187   485   553   472   615 0.88 NODE_4_length_139564_cov_44.158667_23 # 20289 # 22886 # -1 # ID=4_23;partial=00;start_type=GTG;rbs_motif=AGGAG;rbs_spacer=5-10bp;gc_cont=0.559
NODE_4_length_139564_cov_44.158667:20289-22886|- -            866 8285                 -            465   3.9e-20   70.0   0.2   2   3     0.071        90   -0.5   0.0   253   288   646   681   631   694 0.78 NODE_4_length_139564_cov_44.158667_23 # 20289 # 22886 # -1 # ID=4_23;partial=00;start_type=GTG;rbs_motif=AGGAG;rbs_spacer=5-10bp;gc_cont=0.559
NODE_4_length_139564_cov_44.158667:20289-22886|- -            866 8285                 -            465   3.9e-20   70.0   0.2   3   3   1.5e-20   1.9e-17   61.1   0.1   338   458   701   819   689   822 0.94 NODE_4_length_139564_cov_44.158667_23 # 20289 # 22886 # -1 # ID=4_23;partial=00;start_type=GTG;rbs_motif=AGGAG;rbs_spacer=5-10bp;gc_cont=0.559
#
# Program:         hmmsearch
# Version:         3.4 (Aug 2023)
# Pipeline mode:   SEARCH
# Query file:      /home/simonedassisi/busco_downloads/lineages/enterobacteriaceae_odb12/hmms/8285at543.hmm
# Target file:     home/simonedassisi/Desktop/BUSCO_output/prodigal_output/predicted_genes/predicted.faa
# Option settings: hmmsearch --domtblout home/simonedassisi/Desktop/BUSCO_output/run_enterobacteriaceae_odb12/hmmer_output/8285at543.out --cpu 1 /home/simonedassisi/busco_downloads/lineages/enterobacteriaceae_odb12/hmms/8285at543.hmm home/simonedassisi/Desktop/BUSCO_output/prodigal_output/predicted_genes/predicted.faa 
# Current dir:     /home/simonedassisi
# Date:            Tue Apr  1 14:30:34 2025
# [ok]
