#                                                                                                        --- full sequence --- -------------- this domain -------------   hmm coord   ali coord   env coord
# target name                                    accession   tlen query name           accession   qlen   E-value  score  bias   #  of  c-Evalue  i-Evalue  score  bias  from    to  from    to  from    to  acc description of target
#                            ------------------- ---------- ----- -------------------- ---------- ----- --------- ------ ----- --- --- --------- --------- ------ ----- ----- ----- ----- ----- ----- ----- ---- ---------------------
NODE_46_length_34184_cov_43.893884:8474-9856|-   -            461 8290                 -            460         0 1038.4   1.8   1   1         0         0 1038.2   1.8     1   460     1   460     1   460 1.00 NODE_46_length_34184_cov_43.893884_8 # 8474 # 9856 # -1 # ID=46_8;partial=00;start_type=ATG;rbs_motif=GGAG/GAGG;rbs_spacer=5-10bp;gc_cont=0.550
NODE_24_length_79963_cov_36.490030:72393-73766|- -            458 8290                 -            460   9.7e-42  141.4   0.0   1   1   1.5e-44   1.2e-41  141.0   0.0    65   378    97   408    89   437 0.91 NODE_24_length_79963_cov_36.490030_75 # 72393 # 73766 # -1 # ID=24_75;partial=00;start_type=ATG;rbs_motif=AGGAG;rbs_spacer=5-10bp;gc_cont=0.578
NODE_46_length_34184_cov_43.893884:10797-12338|- -            514 8290                 -            460   3.1e-29  100.1   1.0   1   1   8.8e-32   7.4e-29   98.9   0.8    49   371    68   403    58   433 0.85 NODE_46_length_34184_cov_43.893884_10 # 10797 # 12338 # -1 # ID=46_10;partial=00;start_type=ATG;rbs_motif=GGA/GAG/AGG;rbs_spacer=5-10bp;gc_cont=0.534
NODE_116_length_4699_cov_32.491470:1793-2563|-   -            257 8290                 -            460   1.4e-25   88.1   0.1   1   1   1.9e-28   1.6e-25   87.9   0.1     9   248    16   255    11   256 0.86 NODE_116_length_4699_cov_32.491470_5 # 1793 # 2563 # -1 # ID=116_5;partial=00;start_type=ATG;rbs_motif=GGAG/GAGG;rbs_spacer=5-10bp;gc_cont=0.438
NODE_116_length_4699_cov_32.491470:1271-1780|-   -            170 8290                 -            460   1.8e-12   44.9   0.0   1   1   2.6e-15   2.1e-12   44.6   0.0   261   377     7   122     3   152 0.87 NODE_116_length_4699_cov_32.491470_4 # 1271 # 1780 # -1 # ID=116_4;partial=00;start_type=ATG;rbs_motif=GGA/GAG/AGG;rbs_spacer=11-12bp;gc_cont=0.439
NODE_16_length_86943_cov_42.279511:19662-20921|+ -            420 8290                 -            460   7.9e-07   26.3   0.0   1   1   1.3e-09   1.1e-06   25.8   0.0   130   360   158   382   117   412 0.84 NODE_16_length_86943_cov_42.279511_17 # 19662 # 20921 # 1 # ID=16_17;partial=00;start_type=ATG;rbs_motif=None;rbs_spacer=None;gc_cont=0.504
#
# Program:         hmmsearch
# Version:         3.4 (Aug 2023)
# Pipeline mode:   SEARCH
# Query file:      /home/simonedassisi/busco_downloads/lineages/enterobacteriaceae_odb12/hmms/8290at543.hmm
# Target file:     home/simonedassisi/Desktop/BUSCO_output/prodigal_output/predicted_genes/predicted.faa
# Option settings: hmmsearch --domtblout home/simonedassisi/Desktop/BUSCO_output/run_enterobacteriaceae_odb12/hmmer_output/8290at543.out --cpu 1 /home/simonedassisi/busco_downloads/lineages/enterobacteriaceae_odb12/hmms/8290at543.hmm home/simonedassisi/Desktop/BUSCO_output/prodigal_output/predicted_genes/predicted.faa 
# Current dir:     /home/simonedassisi
# Date:            Tue Apr  1 14:30:34 2025
# [ok]
