#                                                                                                         --- full sequence --- -------------- this domain -------------   hmm coord   ali coord   env coord
# target name                                     accession   tlen query name           accession   qlen   E-value  score  bias   #  of  c-Evalue  i-Evalue  score  bias  from    to  from    to  from    to  acc description of target
#                             ------------------- ---------- ----- -------------------- ---------- ----- --------- ------ ----- --- --- --------- --------- ------ ----- ----- ----- ----- ----- ----- ----- ---- ---------------------
NODE_36_length_50779_cov_38.268459:9425-10825|+   -            467 8300                 -            466  5.1e-297  983.4   0.0   1   1  4.5e-300  5.7e-297  983.2   0.0     1   466     1   466     1   466 1.00 NODE_36_length_50779_cov_38.268459_9 # 9425 # 10825 # 1 # ID=36_9;partial=00;start_type=ATG;rbs_motif=GGA/GAG/AGG;rbs_spacer=5-10bp;gc_cont=0.529
NODE_6_length_131096_cov_36.333598:60052-61824|+  -            591 8300                 -            466   2.7e-22   77.6   0.0   1   2   3.4e-11   4.3e-08   30.8   0.0    15   183    13   183     8   267 0.89 NODE_6_length_131096_cov_36.333598_60 # 60052 # 61824 # 1 # ID=6_60;partial=00;start_type=ATG;rbs_motif=GGA/GAG/AGG;rbs_spacer=5-10bp;gc_cont=0.539
NODE_6_length_131096_cov_36.333598:60052-61824|+  -            591 8300                 -            466   2.7e-22   77.6   0.0   2   2   5.4e-15   6.8e-12   43.3   0.0   360   463   454   560   450   563 0.89 NODE_6_length_131096_cov_36.333598_60 # 60052 # 61824 # 1 # ID=6_60;partial=00;start_type=ATG;rbs_motif=GGA/GAG/AGG;rbs_spacer=5-10bp;gc_cont=0.539
NODE_7_length_130108_cov_39.332856:8123-9640|+    -            506 8300                 -            466   2.5e-17   61.2   0.1   1   2    0.0001      0.13    9.4   0.0    15   168    63   214    57   232 0.72 NODE_7_length_130108_cov_39.332856_5 # 8123 # 9640 # 1 # ID=7_5;partial=00;start_type=ATG;rbs_motif=GGAG/GAGG;rbs_spacer=5-10bp;gc_cont=0.478
NODE_7_length_130108_cov_39.332856:8123-9640|+    -            506 8300                 -            466   2.5e-17   61.2   0.1   2   2   6.3e-17     8e-14   49.7   0.1   223   459   252   500   225   504 0.73 NODE_7_length_130108_cov_39.332856_5 # 8123 # 9640 # 1 # ID=7_5;partial=00;start_type=ATG;rbs_motif=GGAG/GAGG;rbs_spacer=5-10bp;gc_cont=0.478
NODE_11_length_117034_cov_40.464403:35747-37264|- -            506 8300                 -            466   1.1e-14   52.6   0.1   1   1   1.8e-15   2.3e-12   44.9   0.1   221   459   250   500    58   504 0.68 NODE_11_length_117034_cov_40.464403_27 # 35747 # 37264 # -1 # ID=11_27;partial=00;start_type=ATG;rbs_motif=GGAG/GAGG;rbs_spacer=5-10bp;gc_cont=0.531
#
# Program:         hmmsearch
# Version:         3.4 (Aug 2023)
# Pipeline mode:   SEARCH
# Query file:      /home/simonedassisi/busco_downloads/lineages/enterobacteriaceae_odb12/hmms/8300at543.hmm
# Target file:     home/simonedassisi/Desktop/BUSCO_output/prodigal_output/predicted_genes/predicted.faa
# Option settings: hmmsearch --domtblout home/simonedassisi/Desktop/BUSCO_output/run_enterobacteriaceae_odb12/hmmer_output/8300at543.out --cpu 1 /home/simonedassisi/busco_downloads/lineages/enterobacteriaceae_odb12/hmms/8300at543.hmm home/simonedassisi/Desktop/BUSCO_output/prodigal_output/predicted_genes/predicted.faa 
# Current dir:     /home/simonedassisi
# Date:            Tue Apr  1 14:30:34 2025
# [ok]
