#                                                                                                          --- full sequence --- -------------- this domain -------------   hmm coord   ali coord   env coord
# target name                                      accession   tlen query name           accession   qlen   E-value  score  bias   #  of  c-Evalue  i-Evalue  score  bias  from    to  from    to  from    to  acc description of target
#                              ------------------- ---------- ----- -------------------- ---------- ----- --------- ------ ----- --- --- --------- --------- ------ ----- ----- ----- ----- ----- ----- ----- ---- ---------------------
NODE_9_length_123825_cov_37.296666:87039-88217|+   -            393 9445                 -            392    1e-227  753.5   2.1   1   1  6.8e-231  1.1e-227  753.4   2.1     1   392     1   392     1   392 1.00 NODE_9_length_123825_cov_37.296666_76 # 87039 # 88217 # 1 # ID=9_76;partial=00;start_type=ATG;rbs_motif=GGAG/GAGG;rbs_spacer=5-10bp;gc_cont=0.534
NODE_4_length_139564_cov_44.158667:13277-15667|+   -            797 9445                 -            392   6.5e-08   29.9   0.0   1   5   5.9e-05     0.099    9.5   0.0    30   101   178   256   169   275 0.77 NODE_4_length_139564_cov_44.158667_17 # 13277 # 15667 # 1 # ID=4_17;partial=00;start_type=ATG;rbs_motif=None;rbs_spacer=None;gc_cont=0.552
NODE_4_length_139564_cov_44.158667:13277-15667|+   -            797 9445                 -            392   6.5e-08   29.9   0.0   2   5      0.17   2.9e+02   -1.9   0.0    76    96   360   380   337   387 0.77 NODE_4_length_139564_cov_44.158667_17 # 13277 # 15667 # 1 # ID=4_17;partial=00;start_type=ATG;rbs_motif=None;rbs_spacer=None;gc_cont=0.552
NODE_4_length_139564_cov_44.158667:13277-15667|+   -            797 9445                 -            392   6.5e-08   29.9   0.0   3   5    0.0009       1.5    5.6   0.0    80   141   442   507   436   511 0.83 NODE_4_length_139564_cov_44.158667_17 # 13277 # 15667 # 1 # ID=4_17;partial=00;start_type=ATG;rbs_motif=None;rbs_spacer=None;gc_cont=0.552
NODE_4_length_139564_cov_44.158667:13277-15667|+   -            797 9445                 -            392   6.5e-08   29.9   0.0   4   5    0.0011       1.8    5.4   0.0   265   288   670   693   667   696 0.87 NODE_4_length_139564_cov_44.158667_17 # 13277 # 15667 # 1 # ID=4_17;partial=00;start_type=ATG;rbs_motif=None;rbs_spacer=None;gc_cont=0.552
NODE_4_length_139564_cov_44.158667:13277-15667|+   -            797 9445                 -            392   6.5e-08   29.9   0.0   5   5      0.01        17    2.2   0.0   110   152   711   754   704   774 0.72 NODE_4_length_139564_cov_44.158667_17 # 13277 # 15667 # 1 # ID=4_17;partial=00;start_type=ATG;rbs_motif=None;rbs_spacer=None;gc_cont=0.552
NODE_3_length_152663_cov_37.088930:106531-106908|+ -            126 9445                 -            392     0.038   10.9   0.0   1   1   2.3e-05     0.038   10.9   0.0     2    41    20    59    19   109 0.72 NODE_3_length_152663_cov_37.088930_95 # 106531 # 106908 # 1 # ID=3_95;partial=00;start_type=ATG;rbs_motif=None;rbs_spacer=None;gc_cont=0.378
#
# Program:         hmmsearch
# Version:         3.4 (Aug 2023)
# Pipeline mode:   SEARCH
# Query file:      /home/simonedassisi/busco_downloads/lineages/enterobacteriaceae_odb12/hmms/9445at543.hmm
# Target file:     home/simonedassisi/Desktop/BUSCO_output/prodigal_output/predicted_genes/predicted.faa
# Option settings: hmmsearch --domtblout home/simonedassisi/Desktop/BUSCO_output/run_enterobacteriaceae_odb12/hmmer_output/9445at543.out --cpu 1 /home/simonedassisi/busco_downloads/lineages/enterobacteriaceae_odb12/hmms/9445at543.hmm home/simonedassisi/Desktop/BUSCO_output/prodigal_output/predicted_genes/predicted.faa 
# Current dir:     /home/simonedassisi
# Date:            Tue Apr  1 14:30:36 2025
# [ok]
