#                                                                                                          --- full sequence --- -------------- this domain -------------   hmm coord   ali coord   env coord
# target name                                      accession   tlen query name           accession   qlen   E-value  score  bias   #  of  c-Evalue  i-Evalue  score  bias  from    to  from    to  from    to  acc description of target
#                              ------------------- ---------- ----- -------------------- ---------- ----- --------- ------ ----- --- --- --------- --------- ------ ----- ----- ----- ----- ----- ----- ----- ---- ---------------------
NODE_142_length_13006_cov_73.540901:8235-9872|+    -            546 1087                 -            545         0 1186.8   0.0   1   1         0         0 1186.7   0.0     1   545     1   545     1   545 1.00 NODE_142_length_13006_cov_73.540901_7 # 8235 # 9872 # 1 # ID=32_7;partial=00;start_type=ATG;rbs_motif=GGA/GAG/AGG;rbs_spacer=5-10bp;gc_cont=0.518
NODE_2132_length_53289_cov_67.616959:42489-43253|+ -            255 1087                 -            545   6.3e-07   26.5   0.0   1   2     0.017        23    1.6   0.0   365   386   100   121    94   151 0.85 NODE_2132_length_53289_cov_67.616959_42 # 42489 # 43253 # 1 # ID=1067_42;partial=00;start_type=ATG;rbs_motif=GGA/GAG/AGG;rbs_spacer=5-10bp;gc_cont=0.528
NODE_2132_length_53289_cov_67.616959:42489-43253|+ -            255 1087                 -            545   6.3e-07   26.5   0.0   2   2   6.2e-09   8.2e-06   22.8   0.0   485   542   193   250   179   253 0.84 NODE_2132_length_53289_cov_67.616959_42 # 42489 # 43253 # 1 # ID=1067_42;partial=00;start_type=ATG;rbs_motif=GGA/GAG/AGG;rbs_spacer=5-10bp;gc_cont=0.528
NODE_625_length_50664_cov_72.003532:170-1318|+     -            383 1087                 -            545   2.3e-06   24.7   0.1   1   2   3.2e-05     0.042   10.6   0.0   340   414   228   306   217   321 0.66 NODE_625_length_50664_cov_72.003532_1 # 170 # 1318 # 1 # ID=266_1;partial=00;start_type=TTG;rbs_motif=GGAGG;rbs_spacer=5-10bp;gc_cont=0.533
NODE_625_length_50664_cov_72.003532:170-1318|+     -            383 1087                 -            545   2.3e-06   24.7   0.1   2   2   7.1e-06    0.0093   12.7   0.1   469   542   312   380   294   382 0.81 NODE_625_length_50664_cov_72.003532_1 # 170 # 1318 # 1 # ID=266_1;partial=00;start_type=TTG;rbs_motif=GGAGG;rbs_spacer=5-10bp;gc_cont=0.533
NODE_926_length_95421_cov_71.123581:92764-94341|+  -            526 1087                 -            545    0.0056   13.5   0.1   1   2   0.00014      0.19    8.4   0.0   346   395    53   102    40   124 0.82 NODE_926_length_95421_cov_71.123581_81 # 92764 # 94341 # 1 # ID=386_81;partial=00;start_type=ATG;rbs_motif=GGA/GAG/AGG;rbs_spacer=5-10bp;gc_cont=0.546
NODE_926_length_95421_cov_71.123581:92764-94341|+  -            526 1087                 -            545    0.0056   13.5   0.1   2   2    0.0073       9.6    2.8   0.0   504   535   170   200   155   206 0.82 NODE_926_length_95421_cov_71.123581_81 # 92764 # 94341 # 1 # ID=386_81;partial=00;start_type=ATG;rbs_motif=GGA/GAG/AGG;rbs_spacer=5-10bp;gc_cont=0.546
#
# Program:         hmmsearch
# Version:         3.4 (Aug 2023)
# Pipeline mode:   SEARCH
# Query file:      /home/simonedassisi/velvet-1.2.10/busco_downloads/lineages/enterobacteriaceae_odb12/hmms/1087at543.hmm
# Target file:     results/BUSCO_output_velveth21/prodigal_output/predicted_genes/predicted.faa
# Option settings: hmmsearch --domtblout results/BUSCO_output_velveth21/run_enterobacteriaceae_odb12/hmmer_output/1087at543.out --cpu 1 /home/simonedassisi/velvet-1.2.10/busco_downloads/lineages/enterobacteriaceae_odb12/hmms/1087at543.hmm results/BUSCO_output_velveth21/prodigal_output/predicted_genes/predicted.faa 
# Current dir:     /home/simonedassisi/velvet-1.2.10
# Date:            Wed Apr  2 19:23:54 2025
# [ok]
