#                                                                                                          --- full sequence --- -------------- this domain -------------   hmm coord   ali coord   env coord
# target name                                      accession   tlen query name           accession   qlen   E-value  score  bias   #  of  c-Evalue  i-Evalue  score  bias  from    to  from    to  from    to  acc description of target
#                              ------------------- ---------- ----- -------------------- ---------- ----- --------- ------ ----- --- --- --------- --------- ------ ----- ----- ----- ----- ----- ----- ----- ---- ---------------------
NODE_2129_length_51924_cov_72.758377:20932-22314|+ -            461 1341                 -            460         0 1027.0   0.5   1   1         0         0 1026.8   0.5     1   460     1   460     1   460 1.00 NODE_2129_length_51924_cov_72.758377_24 # 20932 # 22314 # 1 # ID=1066_24;partial=00;start_type=GTG;rbs_motif=GGAG/GAGG;rbs_spacer=5-10bp;gc_cont=0.573
NODE_274_length_24805_cov_72.090103:15447-17801|-  -            785 1341                 -            460   2.3e-08   31.4   0.0   1   1   4.9e-11   4.4e-08   30.5   0.0   356   456   662   769   643   773 0.88 NODE_274_length_24805_cov_72.090103_18 # 15447 # 17801 # -1 # ID=77_18;partial=00;start_type=ATG;rbs_motif=GGA/GAG/AGG;rbs_spacer=5-10bp;gc_cont=0.525
NODE_2201_length_7379_cov_73.928040:1909-2970|+    -            354 1341                 -            460   1.2e-06   25.8   0.1   1   1   1.9e-09   1.7e-06   25.3   0.1    54   183    18   151     2   182 0.79 NODE_2201_length_7379_cov_73.928040_3 # 1909 # 2970 # 1 # ID=1096_3;partial=00;start_type=ATG;rbs_motif=AGGAG;rbs_spacer=5-10bp;gc_cont=0.539
NODE_2110_length_20950_cov_73.447586:1967-3727|+   -            587 1341                 -            460    0.0038   14.2   0.0   1   1   6.8e-06     0.006   13.6   0.0   369   437   435   510   430   542 0.75 NODE_2110_length_20950_cov_73.447586_3 # 1967 # 3727 # 1 # ID=1056_3;partial=00;start_type=TTG;rbs_motif=None;rbs_spacer=None;gc_cont=0.519
NODE_2146_length_13525_cov_82.355492:454-1212|-    -            253 1341                 -            460     0.013   12.4   0.0   1   2   3.8e-05     0.033   11.1   0.0    69   166    13   112     7   122 0.79 NODE_2146_length_13525_cov_82.355492_2 # 454 # 1212 # -1 # ID=1073_2;partial=00;start_type=ATG;rbs_motif=GGAG/GAGG;rbs_spacer=5-10bp;gc_cont=0.476
NODE_2146_length_13525_cov_82.355492:454-1212|-    -            253 1341                 -            460     0.013   12.4   0.0   2   2      0.39   3.4e+02   -2.1   0.0   319   360   179   220   169   226 0.71 NODE_2146_length_13525_cov_82.355492_2 # 454 # 1212 # -1 # ID=1073_2;partial=00;start_type=ATG;rbs_motif=GGAG/GAGG;rbs_spacer=5-10bp;gc_cont=0.476
NODE_2185_length_35330_cov_74.210983:8633-9505|+   -            291 1341                 -            460     0.043   10.8   0.0   1   1   6.9e-05     0.061   10.3   0.0   102   153   111   162   104   193 0.81 NODE_2185_length_35330_cov_74.210983_12 # 8633 # 9505 # 1 # ID=1088_12;partial=00;start_type=ATG;rbs_motif=AGGAG;rbs_spacer=5-10bp;gc_cont=0.553
#
# Program:         hmmsearch
# Version:         3.4 (Aug 2023)
# Pipeline mode:   SEARCH
# Query file:      /home/simonedassisi/velvet-1.2.10/busco_downloads/lineages/enterobacteriaceae_odb12/hmms/1341at543.hmm
# Target file:     results/BUSCO_output_velveth21/prodigal_output/predicted_genes/predicted.faa
# Option settings: hmmsearch --domtblout results/BUSCO_output_velveth21/run_enterobacteriaceae_odb12/hmmer_output/1341at543.out --cpu 1 /home/simonedassisi/velvet-1.2.10/busco_downloads/lineages/enterobacteriaceae_odb12/hmms/1341at543.hmm results/BUSCO_output_velveth21/prodigal_output/predicted_genes/predicted.faa 
# Current dir:     /home/simonedassisi/velvet-1.2.10
# Date:            Wed Apr  2 19:23:55 2025
# [ok]
