#                                                                                                          --- full sequence --- -------------- this domain -------------   hmm coord   ali coord   env coord
# target name                                      accession   tlen query name           accession   qlen   E-value  score  bias   #  of  c-Evalue  i-Evalue  score  bias  from    to  from    to  from    to  acc description of target
#                              ------------------- ---------- ----- -------------------- ---------- ----- --------- ------ ----- --- --- --------- --------- ------ ----- ----- ----- ----- ----- ----- ----- ---- ---------------------
NODE_888_length_35781_cov_80.233421:19431-20690|+  -            420 18136                -            419  5.1e-296  979.0   1.1   1   1  6.5e-299  5.8e-296  978.8   1.1     1   419     1   419     1   419 1.00 NODE_888_length_35781_cov_80.233421_17 # 19431 # 20690 # 1 # ID=375_17;partial=00;start_type=ATG;rbs_motif=None;rbs_spacer=None;gc_cont=0.504
NODE_817_length_13210_cov_70.289253:2-874|+        -            291 18136                -            419   2.3e-11   41.2   0.0   1   1   3.4e-14     3e-11   40.9   0.0   168   385     5   226     2   238 0.82 NODE_817_length_13210_cov_70.289253_1 # 2 # 874 # 1 # ID=354_1;partial=10;start_type=Edge;rbs_motif=None;rbs_spacer=None;gc_cont=0.577
NODE_2305_length_33814_cov_83.113121:24087-25469|+ -            461 18136                -            419     3e-06   24.4   0.0   1   1   5.4e-09   4.8e-06   23.7   0.0   158   389   130   367   102   387 0.82 NODE_2305_length_33814_cov_83.113121_24 # 24087 # 25469 # 1 # ID=1155_24;partial=00;start_type=ATG;rbs_motif=GGAG/GAGG;rbs_spacer=5-10bp;gc_cont=0.550
NODE_563_length_2367_cov_72.813690:1686-2387|-     -            234 18136                -            419   4.2e-06   23.9   0.0   1   1   6.1e-09   5.4e-06   23.6   0.0   158   271   117   233    98   233 0.82 NODE_563_length_2367_cov_72.813690_5 # 1686 # 2387 # -1 # ID=246_5;partial=01;start_type=Edge;rbs_motif=None;rbs_spacer=None;gc_cont=0.453
NODE_2305_length_33814_cov_83.113121:21605-23146|+ -            514 18136                -            419    0.0038   14.2   0.1   1   1   6.9e-06     0.006   13.5   0.1   161   275   152   271   139   275 0.62 NODE_2305_length_33814_cov_83.113121_22 # 21605 # 23146 # 1 # ID=1155_22;partial=00;start_type=ATG;rbs_motif=GGA/GAG/AGG;rbs_spacer=5-10bp;gc_cont=0.534
NODE_563_length_2367_cov_72.813690:1164-1673|-     -            170 18136                -            419      0.01   12.7   0.0   1   1   1.4e-05     0.012   12.5   0.0   311   396    35   119    27   140 0.85 NODE_563_length_2367_cov_72.813690_4 # 1164 # 1673 # -1 # ID=246_4;partial=00;start_type=ATG;rbs_motif=GGA/GAG/AGG;rbs_spacer=11-12bp;gc_cont=0.439
#
# Program:         hmmsearch
# Version:         3.4 (Aug 2023)
# Pipeline mode:   SEARCH
# Query file:      /home/simonedassisi/velvet-1.2.10/busco_downloads/lineages/enterobacteriaceae_odb12/hmms/18136at543.hmm
# Target file:     results/BUSCO_output_velveth21/prodigal_output/predicted_genes/predicted.faa
# Option settings: hmmsearch --domtblout results/BUSCO_output_velveth21/run_enterobacteriaceae_odb12/hmmer_output/18136at543.out --cpu 1 /home/simonedassisi/velvet-1.2.10/busco_downloads/lineages/enterobacteriaceae_odb12/hmms/18136at543.hmm results/BUSCO_output_velveth21/prodigal_output/predicted_genes/predicted.faa 
# Current dir:     /home/simonedassisi/velvet-1.2.10
# Date:            Wed Apr  2 19:23:56 2025
# [ok]
