#                                                                                                         --- full sequence --- -------------- this domain -------------   hmm coord   ali coord   env coord
# target name                                     accession   tlen query name           accession   qlen   E-value  score  bias   #  of  c-Evalue  i-Evalue  score  bias  from    to  from    to  from    to  acc description of target
#                             ------------------- ---------- ----- -------------------- ---------- ----- --------- ------ ----- --- --- --------- --------- ------ ----- ----- ----- ----- ----- ----- ----- ---- ---------------------
NODE_679_length_36641_cov_70.533279:30037-31305|+ -            423 1907                 -            421  9.5e-234  773.8   0.0   1   1  6.1e-237  1.1e-233  773.6   0.0     4   420     4   420     1   421 0.99 NODE_679_length_36641_cov_70.533279_30 # 30037 # 31305 # 1 # ID=288_30;partial=00;start_type=ATG;rbs_motif=GGA/GAG/AGG;rbs_spacer=3-4bp;gc_cont=0.558
NODE_596_length_15654_cov_72.501595:7576-9063|+   -            496 1907                 -            421     2e-08   31.5   0.1   1   3    0.0012       2.1    5.1   0.0    51    68   111   128    87   140 0.77 NODE_596_length_15654_cov_72.501595_8 # 7576 # 9063 # 1 # ID=258_8;partial=00;start_type=GTG;rbs_motif=GGAG/GAGG;rbs_spacer=5-10bp;gc_cont=0.569
NODE_596_length_15654_cov_72.501595:7576-9063|+   -            496 1907                 -            421     2e-08   31.5   0.1   2   3      0.74   1.3e+03   -4.1   0.0   164   179   202   217   200   222 0.85 NODE_596_length_15654_cov_72.501595_8 # 7576 # 9063 # 1 # ID=258_8;partial=00;start_type=GTG;rbs_motif=GGAG/GAGG;rbs_spacer=5-10bp;gc_cont=0.569
NODE_596_length_15654_cov_72.501595:7576-9063|+   -            496 1907                 -            421     2e-08   31.5   0.1   3   3   2.3e-09   4.1e-06   23.9   0.0   240   406   294   469   257   480 0.74 NODE_596_length_15654_cov_72.501595_8 # 7576 # 9063 # 1 # ID=258_8;partial=00;start_type=GTG;rbs_motif=GGAG/GAGG;rbs_spacer=5-10bp;gc_cont=0.569
NODE_596_length_15654_cov_72.501595:11497-12813|+ -            439 1907                 -            421   0.00019   18.4   0.7   1   2   0.00077       1.4    5.7   0.7    46    80   102   136    85   139 0.85 NODE_596_length_15654_cov_72.501595_11 # 11497 # 12813 # 1 # ID=258_11;partial=00;start_type=ATG;rbs_motif=GGA/GAG/AGG;rbs_spacer=5-10bp;gc_cont=0.550
NODE_596_length_15654_cov_72.501595:11497-12813|+ -            439 1907                 -            421   0.00019   18.4   0.7   2   2   2.7e-05     0.047   10.5   0.0   140   296   152   310   139   320 0.76 NODE_596_length_15654_cov_72.501595_11 # 11497 # 12813 # 1 # ID=258_11;partial=00;start_type=ATG;rbs_motif=GGA/GAG/AGG;rbs_spacer=5-10bp;gc_cont=0.550
#
# Program:         hmmsearch
# Version:         3.4 (Aug 2023)
# Pipeline mode:   SEARCH
# Query file:      /home/simonedassisi/velvet-1.2.10/busco_downloads/lineages/enterobacteriaceae_odb12/hmms/1907at543.hmm
# Target file:     results/BUSCO_output_velveth21/prodigal_output/predicted_genes/predicted.faa
# Option settings: hmmsearch --domtblout results/BUSCO_output_velveth21/run_enterobacteriaceae_odb12/hmmer_output/1907at543.out --cpu 1 /home/simonedassisi/velvet-1.2.10/busco_downloads/lineages/enterobacteriaceae_odb12/hmms/1907at543.hmm results/BUSCO_output_velveth21/prodigal_output/predicted_genes/predicted.faa 
# Current dir:     /home/simonedassisi/velvet-1.2.10
# Date:            Wed Apr  2 19:23:57 2025
# [ok]
