#                                                                                                          --- full sequence --- -------------- this domain -------------   hmm coord   ali coord   env coord
# target name                                      accession   tlen query name           accession   qlen   E-value  score  bias   #  of  c-Evalue  i-Evalue  score  bias  from    to  from    to  from    to  acc description of target
#                              ------------------- ---------- ----- -------------------- ---------- ----- --------- ------ ----- --- --- --------- --------- ------ ----- ----- ----- ----- ----- ----- ----- ---- ---------------------
NODE_2033_length_13499_cov_78.007851:7858-8670|-   -            271 1969                 -            270  2.2e-175  579.6   0.8   1   1  1.9e-178  2.5e-175  579.5   0.8     1   270     1   270     1   270 1.00 NODE_2033_length_13499_cov_78.007851_10 # 7858 # 8670 # -1 # ID=1004_10;partial=00;start_type=ATG;rbs_motif=AGGA;rbs_spacer=5-10bp;gc_cont=0.498
NODE_1170_length_26855_cov_70.355133:10101-11210|+ -            370 1969                 -            270     5e-07   27.6   0.3   1   2   3.7e-09   4.9e-06   24.3   0.2     3    53   108   158   106   161 0.89 NODE_1170_length_26855_cov_70.355133_6 # 10101 # 11210 # 1 # ID=497_6;partial=00;start_type=ATG;rbs_motif=AGGAG;rbs_spacer=5-10bp;gc_cont=0.538
NODE_1170_length_26855_cov_70.355133:10101-11210|+ -            370 1969                 -            270     5e-07   27.6   0.3   2   2     0.065        86    0.6   0.0   198   225   300   327   197   353 0.56 NODE_1170_length_26855_cov_70.355133_6 # 10101 # 11210 # 1 # ID=497_6;partial=00;start_type=ATG;rbs_motif=AGGAG;rbs_spacer=5-10bp;gc_cont=0.538
NODE_2255_length_11485_cov_89.363167:9742-10377|+  -            212 1969                 -            270    0.0001   20.0   0.2   1   2   3.8e-07    0.0005   17.7   0.1     3    40     2    39     1    48 0.93 NODE_2255_length_11485_cov_89.363167_7 # 9742 # 10377 # 1 # ID=1128_7;partial=00;start_type=ATG;rbs_motif=AGGA;rbs_spacer=5-10bp;gc_cont=0.525
NODE_2255_length_11485_cov_89.363167:9742-10377|+  -            212 1969                 -            270    0.0001   20.0   0.2   2   2     0.093   1.2e+02    0.0   0.0   111   152   120   162   105   172 0.67 NODE_2255_length_11485_cov_89.363167_7 # 9742 # 10377 # 1 # ID=1128_7;partial=00;start_type=ATG;rbs_motif=AGGA;rbs_spacer=5-10bp;gc_cont=0.525
NODE_2414_length_2927_cov_160.173553:248-892|+     -            215 1969                 -            270      0.02   12.5   0.2   1   2   3.1e-05     0.041   11.4   0.1     4    39     3    35     1    47 0.74 NODE_2414_length_2927_cov_160.173553_1 # 248 # 892 # 1 # ID=1236_1;partial=00;start_type=ATG;rbs_motif=GGAG/GAGG;rbs_spacer=5-10bp;gc_cont=0.428
NODE_2414_length_2927_cov_160.173553:248-892|+     -            215 1969                 -            270      0.02   12.5   0.2   2   2      0.47   6.2e+02   -2.3   0.0   173   186   130   143    87   179 0.68 NODE_2414_length_2927_cov_160.173553_1 # 248 # 892 # 1 # ID=1236_1;partial=00;start_type=ATG;rbs_motif=GGAG/GAGG;rbs_spacer=5-10bp;gc_cont=0.428
#
# Program:         hmmsearch
# Version:         3.4 (Aug 2023)
# Pipeline mode:   SEARCH
# Query file:      /home/simonedassisi/velvet-1.2.10/busco_downloads/lineages/enterobacteriaceae_odb12/hmms/1969at543.hmm
# Target file:     results/BUSCO_output_velveth21/prodigal_output/predicted_genes/predicted.faa
# Option settings: hmmsearch --domtblout results/BUSCO_output_velveth21/run_enterobacteriaceae_odb12/hmmer_output/1969at543.out --cpu 1 /home/simonedassisi/velvet-1.2.10/busco_downloads/lineages/enterobacteriaceae_odb12/hmms/1969at543.hmm results/BUSCO_output_velveth21/prodigal_output/predicted_genes/predicted.faa 
# Current dir:     /home/simonedassisi/velvet-1.2.10
# Date:            Wed Apr  2 19:23:57 2025
# [ok]
