#                                                                                                         --- full sequence --- -------------- this domain -------------   hmm coord   ali coord   env coord
# target name                                     accession   tlen query name           accession   qlen   E-value  score  bias   #  of  c-Evalue  i-Evalue  score  bias  from    to  from    to  from    to  acc description of target
#                             ------------------- ---------- ----- -------------------- ---------- ----- --------- ------ ----- --- --- --------- --------- ------ ----- ----- ----- ----- ----- ----- ----- ---- ---------------------
NODE_2298_length_23791_cov_73.140472:2773-3732|+  -            320 2065                 -            311  6.5e-175  578.7   0.1   1   1    7e-178  7.4e-175  578.6   0.1     1   311     2   317     2   317 0.98 NODE_2298_length_23791_cov_73.140472_2 # 2773 # 3732 # 1 # ID=1152_2;partial=00;start_type=ATG;rbs_motif=None;rbs_spacer=None;gc_cont=0.515
NODE_443_length_10040_cov_75.927094:5517-6497|+   -            327 2065                 -            311   2.7e-84  281.1   0.1   1   1   3.2e-87   3.4e-84  280.7   0.1    10   310     9   313     2   314 0.90 NODE_443_length_10040_cov_75.927094_7 # 5517 # 6497 # 1 # ID=166_7;partial=00;start_type=ATG;rbs_motif=AGxAG;rbs_spacer=5-10bp;gc_cont=0.528
NODE_614_length_35137_cov_72.104843:10637-11296|- -            220 2065                 -            311   4.3e-47  158.9   0.0   1   1   4.8e-50   5.1e-47  158.6   0.0    91   299    15   218     6   219 0.92 NODE_614_length_35137_cov_72.104843_11 # 10637 # 11296 # -1 # ID=265_11;partial=00;start_type=ATG;rbs_motif=GGAG/GAGG;rbs_spacer=5-10bp;gc_cont=0.542
NODE_170_length_74698_cov_75.748665:68923-69705|+ -            261 2065                 -            311   2.1e-42  143.5   0.2   1   1   2.7e-45   2.9e-42  143.0   0.2    91   307     3   232     1   234 0.84 NODE_170_length_74698_cov_75.748665_61 # 68923 # 69705 # 1 # ID=38_61;partial=00;start_type=ATG;rbs_motif=GGA/GAG/AGG;rbs_spacer=11-12bp;gc_cont=0.538
NODE_1550_length_27465_cov_72.496376:3700-4572|-  -            291 2065                 -            311    0.0011   16.3   0.3   1   2    0.0023       2.5    5.3   0.0    34    69    21    56     8    65 0.86 NODE_1550_length_27465_cov_72.496376_5 # 3700 # 4572 # -1 # ID=699_5;partial=00;start_type=ATG;rbs_motif=AGGAG;rbs_spacer=5-10bp;gc_cont=0.510
NODE_1550_length_27465_cov_72.496376:3700-4572|-  -            291 2065                 -            311    0.0011   16.3   0.3   2   2   0.00018      0.19    8.9   0.1    95   160    65   126    63   146 0.79 NODE_1550_length_27465_cov_72.496376_5 # 3700 # 4572 # -1 # ID=699_5;partial=00;start_type=ATG;rbs_motif=AGGAG;rbs_spacer=5-10bp;gc_cont=0.510
#
# Program:         hmmsearch
# Version:         3.4 (Aug 2023)
# Pipeline mode:   SEARCH
# Query file:      /home/simonedassisi/velvet-1.2.10/busco_downloads/lineages/enterobacteriaceae_odb12/hmms/2065at543.hmm
# Target file:     results/BUSCO_output_velveth21/prodigal_output/predicted_genes/predicted.faa
# Option settings: hmmsearch --domtblout results/BUSCO_output_velveth21/run_enterobacteriaceae_odb12/hmmer_output/2065at543.out --cpu 1 /home/simonedassisi/velvet-1.2.10/busco_downloads/lineages/enterobacteriaceae_odb12/hmms/2065at543.hmm results/BUSCO_output_velveth21/prodigal_output/predicted_genes/predicted.faa 
# Current dir:     /home/simonedassisi/velvet-1.2.10
# Date:            Wed Apr  2 19:23:58 2025
# [ok]
