#                                                                                                           --- full sequence --- -------------- this domain -------------   hmm coord   ali coord   env coord
# target name                                       accession   tlen query name           accession   qlen   E-value  score  bias   #  of  c-Evalue  i-Evalue  score  bias  from    to  from    to  from    to  acc description of target
#                               ------------------- ---------- ----- -------------------- ---------- ----- --------- ------ ----- --- --- --------- --------- ------ ----- ----- ----- ----- ----- ----- ----- ---- ---------------------
NODE_1204_length_64359_cov_77.399834:10947-13469|+  -            841 2129                 -            823         0 1651.6   0.0   1   1         0         0 1651.5   0.0     1   823     1   840     1   840 0.98 NODE_1204_length_64359_cov_77.399834_11 # 10947 # 13469 # 1 # ID=516_11;partial=00;start_type=ATG;rbs_motif=GGAG/GAGG;rbs_spacer=5-10bp;gc_cont=0.551
NODE_1441_length_52686_cov_76.197510:51641-52705|+  -            355 2129                 -            823   4.5e-54  181.7   0.6   1   1   5.5e-57   5.8e-54  181.3   0.6   203   452    62   307    41   316 0.93 NODE_1441_length_52686_cov_76.197510_58 # 51641 # 52705 # 1 # ID=633_58;partial=01;start_type=GTG;rbs_motif=GGA/GAG/AGG;rbs_spacer=5-10bp;gc_cont=0.544
NODE_926_length_95421_cov_71.123581:77975-80287|+   -            771 2129                 -            823   3.6e-38  129.1   0.0   1   2   2.7e-36   2.8e-33  112.9   0.0   219   629    76   464    58   467 0.89 NODE_926_length_95421_cov_71.123581_69 # 77975 # 80287 # 1 # ID=386_69;partial=00;start_type=ATG;rbs_motif=None;rbs_spacer=None;gc_cont=0.565
NODE_926_length_95421_cov_71.123581:77975-80287|+   -            771 2129                 -            823   3.6e-38  129.1   0.0   2   2   2.4e-06    0.0025   13.8   0.0   686   722   507   543   499   569 0.87 NODE_926_length_95421_cov_71.123581_69 # 77975 # 80287 # 1 # ID=386_69;partial=00;start_type=ATG;rbs_motif=None;rbs_spacer=None;gc_cont=0.565
NODE_1434_length_95894_cov_75.275742:2-1441|+       -            480 2129                 -            823   4.5e-38  128.7   1.4   1   2   5.7e-32     6e-29   98.6   0.1   460   649    50   238    42   244 0.94 NODE_1434_length_95894_cov_75.275742_1 # 2 # 1441 # 1 # ID=631_1;partial=10;start_type=Edge;rbs_motif=None;rbs_spacer=None;gc_cont=0.560
NODE_1434_length_95894_cov_75.275742:2-1441|+       -            480 2129                 -            823   4.5e-38  128.7   1.4   2   2   5.5e-11   5.8e-08   29.1   0.2   672   733   327   389   305   448 0.89 NODE_1434_length_95894_cov_75.275742_1 # 2 # 1441 # 1 # ID=631_1;partial=10;start_type=Edge;rbs_motif=None;rbs_spacer=None;gc_cont=0.560
NODE_2145_length_112275_cov_77.552353:52663-53391|+ -            243 2129                 -            823   1.3e-20   71.0   0.0   1   1   1.5e-23   1.6e-20   70.7   0.0   223   346    80   199    67   224 0.95 NODE_2145_length_112275_cov_77.552353_45 # 52663 # 53391 # 1 # ID=1072_45;partial=00;start_type=ATG;rbs_motif=None;rbs_spacer=None;gc_cont=0.519
#
# Program:         hmmsearch
# Version:         3.4 (Aug 2023)
# Pipeline mode:   SEARCH
# Query file:      /home/simonedassisi/velvet-1.2.10/busco_downloads/lineages/enterobacteriaceae_odb12/hmms/2129at543.hmm
# Target file:     results/BUSCO_output_velveth21/prodigal_output/predicted_genes/predicted.faa
# Option settings: hmmsearch --domtblout results/BUSCO_output_velveth21/run_enterobacteriaceae_odb12/hmmer_output/2129at543.out --cpu 1 /home/simonedassisi/velvet-1.2.10/busco_downloads/lineages/enterobacteriaceae_odb12/hmms/2129at543.hmm results/BUSCO_output_velveth21/prodigal_output/predicted_genes/predicted.faa 
# Current dir:     /home/simonedassisi/velvet-1.2.10
# Date:            Wed Apr  2 19:23:58 2025
# [ok]
