#                                                                                                         --- full sequence --- -------------- this domain -------------   hmm coord   ali coord   env coord
# target name                                     accession   tlen query name           accession   qlen   E-value  score  bias   #  of  c-Evalue  i-Evalue  score  bias  from    to  from    to  from    to  acc description of target
#                             ------------------- ---------- ----- -------------------- ---------- ----- --------- ------ ----- --- --- --------- --------- ------ ----- ----- ----- ----- ----- ----- ----- ---- ---------------------
NODE_679_length_36641_cov_70.533279:28238-28897|+ -            220 2262                 -            218  7.8e-134  442.5  12.9   1   1    1e-136  8.9e-134  442.3  12.9     1   217     1   217     1   218 0.99 NODE_679_length_36641_cov_70.533279_28 # 28238 # 28897 # 1 # ID=288_28;partial=00;start_type=ATG;rbs_motif=GGA/GAG/AGG;rbs_spacer=5-10bp;gc_cont=0.477
NODE_165_length_7679_cov_64.909882:4795-5457|-    -            221 2262                 -            218   2.2e-30  104.3   4.8   1   1   2.7e-33   2.4e-30  104.2   4.8    29   204    28   201     1   218 0.86 NODE_165_length_7679_cov_64.909882_10 # 4795 # 5457 # -1 # ID=35_10;partial=00;start_type=ATG;rbs_motif=AGGA;rbs_spacer=5-10bp;gc_cont=0.504
NODE_1461_length_4280_cov_72.303268:871-1530|-    -            220 2262                 -            218   4.2e-26   90.3   4.4   1   1   4.9e-29   4.3e-26   90.2   4.4    28   200    27   197     1   219 0.82 NODE_1461_length_4280_cov_72.303268_2 # 871 # 1530 # -1 # ID=642_2;partial=00;start_type=ATG;rbs_motif=AGGA;rbs_spacer=5-10bp;gc_cont=0.509
NODE_1175_length_10478_cov_65.565277:2765-3343|-  -            193 2262                 -            218   5.9e-15   53.8   0.5   1   1   8.6e-18   7.6e-15   53.5   0.5    41   207    13   179     5   189 0.82 NODE_1175_length_10478_cov_65.565277_3 # 2765 # 3343 # -1 # ID=500_3;partial=00;start_type=ATG;rbs_motif=AGGA/GGAG/GAGG;rbs_spacer=11-12bp;gc_cont=0.544
NODE_614_length_35137_cov_72.104843:22217-22981|+ -            255 2262                 -            218   3.1e-14   51.5   1.1   1   1   5.3e-17   4.7e-14   50.9   1.1    18   180     5   164     1   205 0.86 NODE_614_length_35137_cov_72.104843_18 # 22217 # 22981 # 1 # ID=265_18;partial=00;start_type=ATG;rbs_motif=GGA/GAG/AGG;rbs_spacer=5-10bp;gc_cont=0.546
NODE_796_length_47878_cov_66.656982:33914-34621|- -            236 2262                 -            218     4e-07   28.2   1.3   1   2      0.06        53    1.7   0.6    26    66     8    46     2    76 0.67 NODE_796_length_47878_cov_66.656982_34 # 33914 # 34621 # -1 # ID=347_34;partial=00;start_type=ATG;rbs_motif=AGGA;rbs_spacer=5-10bp;gc_cont=0.517
NODE_796_length_47878_cov_66.656982:33914-34621|- -            236 2262                 -            218     4e-07   28.2   1.3   2   2   4.5e-10     4e-07   28.2   1.3    81   202   105   223    99   235 0.77 NODE_796_length_47878_cov_66.656982_34 # 33914 # 34621 # -1 # ID=347_34;partial=00;start_type=ATG;rbs_motif=AGGA;rbs_spacer=5-10bp;gc_cont=0.517
#
# Program:         hmmsearch
# Version:         3.4 (Aug 2023)
# Pipeline mode:   SEARCH
# Query file:      /home/simonedassisi/velvet-1.2.10/busco_downloads/lineages/enterobacteriaceae_odb12/hmms/2262at543.hmm
# Target file:     results/BUSCO_output_velveth21/prodigal_output/predicted_genes/predicted.faa
# Option settings: hmmsearch --domtblout results/BUSCO_output_velveth21/run_enterobacteriaceae_odb12/hmmer_output/2262at543.out --cpu 1 /home/simonedassisi/velvet-1.2.10/busco_downloads/lineages/enterobacteriaceae_odb12/hmms/2262at543.hmm results/BUSCO_output_velveth21/prodigal_output/predicted_genes/predicted.faa 
# Current dir:     /home/simonedassisi/velvet-1.2.10
# Date:            Wed Apr  2 19:23:58 2025
# [ok]
