#                                                                                                         --- full sequence --- -------------- this domain -------------   hmm coord   ali coord   env coord
# target name                                     accession   tlen query name           accession   qlen   E-value  score  bias   #  of  c-Evalue  i-Evalue  score  bias  from    to  from    to  from    to  acc description of target
#                             ------------------- ---------- ----- -------------------- ---------- ----- --------- ------ ----- --- --- --------- --------- ------ ----- ----- ----- ----- ----- ----- ----- ---- ---------------------
NODE_664_length_9865_cov_71.042572:1462-2919|-    -            486 2698                 -            484  6.7e-270  894.1  34.7   1   1    1e-272  7.6e-270  893.9  34.7     1   483     1   483     1   484 1.00 NODE_664_length_9865_cov_71.042572_3 # 1462 # 2919 # -1 # ID=283_3;partial=00;start_type=ATG;rbs_motif=GGA/GAG/AGG;rbs_spacer=11-12bp;gc_cont=0.571
NODE_906_length_18920_cov_69.049629:12418-13998|- -            527 2698                 -            484   4.9e-28   96.4  35.4   1   1   1.4e-30   1.1e-27   95.4  35.4    38   480    33   489     4   493 0.74 NODE_906_length_18920_cov_69.049629_14 # 12418 # 13998 # -1 # ID=381_14;partial=00;start_type=ATG;rbs_motif=GGA/GAG/AGG;rbs_spacer=5-10bp;gc_cont=0.539
NODE_664_length_9865_cov_71.042572:2926-4455|-    -            510 2698                 -            484   8.5e-28   95.7  32.2   1   1   1.6e-30   1.2e-27   95.2  32.2    67   478    81   489    73   494 0.78 NODE_664_length_9865_cov_71.042572_4 # 2926 # 4455 # -1 # ID=283_4;partial=00;start_type=ATG;rbs_motif=AGGA/GGAG/GAGG;rbs_spacer=11-12bp;gc_cont=0.546
NODE_664_length_9865_cov_71.042572:4619-6460|-    -            614 2698                 -            484   1.8e-21   74.8  30.4   1   1   3.6e-24   2.7e-21   74.2  30.4    57   466    69   469     2   484 0.76 NODE_664_length_9865_cov_71.042572_5 # 4619 # 6460 # -1 # ID=283_5;partial=00;start_type=ATG;rbs_motif=GGA/GAG/AGG;rbs_spacer=5-10bp;gc_cont=0.570
NODE_906_length_18920_cov_69.049629:16871-18220|- -            450 2698                 -            484   1.5e-10   38.8  12.2   1   1   2.6e-13     2e-10   38.4  12.2   220   466     1   265     1   284 0.72 NODE_906_length_18920_cov_69.049629_19 # 16871 # 18220 # -1 # ID=381_19;partial=00;start_type=ATG;rbs_motif=None;rbs_spacer=None;gc_cont=0.567
NODE_2185_length_35330_cov_74.210983:5047-6873|-  -            609 2698                 -            484   1.9e-10   38.5  14.1   1   1   2.5e-13   1.9e-10   38.5  14.1   176   399   171   395   160   489 0.69 NODE_2185_length_35330_cov_74.210983_8 # 5047 # 6873 # -1 # ID=1088_8;partial=00;start_type=ATG;rbs_motif=GGAG/GAGG;rbs_spacer=5-10bp;gc_cont=0.579
NODE_906_length_18920_cov_69.049629:14665-15033|- -            123 2698                 -            484   0.00048   17.3   4.4   1   1     1e-06   0.00075   16.7   4.4   362   463     5   112     1   122 0.75 NODE_906_length_18920_cov_69.049629_16 # 14665 # 15033 # -1 # ID=381_16;partial=00;start_type=TTG;rbs_motif=None;rbs_spacer=None;gc_cont=0.585
#
# Program:         hmmsearch
# Version:         3.4 (Aug 2023)
# Pipeline mode:   SEARCH
# Query file:      /home/simonedassisi/velvet-1.2.10/busco_downloads/lineages/enterobacteriaceae_odb12/hmms/2698at543.hmm
# Target file:     results/BUSCO_output_velveth21/prodigal_output/predicted_genes/predicted.faa
# Option settings: hmmsearch --domtblout results/BUSCO_output_velveth21/run_enterobacteriaceae_odb12/hmmer_output/2698at543.out --cpu 1 /home/simonedassisi/velvet-1.2.10/busco_downloads/lineages/enterobacteriaceae_odb12/hmms/2698at543.hmm results/BUSCO_output_velveth21/prodigal_output/predicted_genes/predicted.faa 
# Current dir:     /home/simonedassisi/velvet-1.2.10
# Date:            Wed Apr  2 19:23:59 2025
# [ok]
