#                                                                                                          --- full sequence --- -------------- this domain -------------   hmm coord   ali coord   env coord
# target name                                      accession   tlen query name           accession   qlen   E-value  score  bias   #  of  c-Evalue  i-Evalue  score  bias  from    to  from    to  from    to  acc description of target
#                              ------------------- ---------- ----- -------------------- ---------- ----- --------- ------ ----- --- --- --------- --------- ------ ----- ----- ----- ----- ----- ----- ----- ---- ---------------------
NODE_1999_length_25587_cov_66.390984:12399-13688|- -            430 335                  -            428  1.9e-269  891.4   0.3   1   1  2.8e-272  2.1e-269  891.2   0.3     1   427     1   427     1   428 1.00 NODE_1999_length_25587_cov_66.390984_13 # 12399 # 13688 # -1 # ID=982_13;partial=00;start_type=ATG;rbs_motif=None;rbs_spacer=None;gc_cont=0.564
NODE_299_length_31306_cov_74.835876:2561-4051|+    -            497 335                  -            428   2.6e-54  182.5   0.0   1   1   8.2e-57   6.2e-54  181.3   0.0    37   423   113   488   100   492 0.83 NODE_299_length_31306_cov_74.835876_3 # 2561 # 4051 # 1 # ID=91_3;partial=00;start_type=ATG;rbs_motif=None;rbs_spacer=None;gc_cont=0.546
NODE_2154_length_30944_cov_68.453339:5923-7203|+   -            427 335                  -            428   5.3e-51  171.6   0.0   1   1   8.6e-54   6.5e-51  171.3   0.0    30   372    28   361    18   425 0.86 NODE_2154_length_30944_cov_68.453339_5 # 5923 # 7203 # 1 # ID=1078_5;partial=00;start_type=ATG;rbs_motif=GGAG/GAGG;rbs_spacer=5-10bp;gc_cont=0.592
NODE_1441_length_52686_cov_76.197510:17750-18970|- -            407 335                  -            428   1.6e-46  156.9   0.1   1   1   3.6e-48   2.8e-45  152.8   0.1    30   364    29   340    12   351 0.88 NODE_1441_length_52686_cov_76.197510_22 # 17750 # 18970 # -1 # ID=633_22;partial=00;start_type=ATG;rbs_motif=GGA/GAG/AGG;rbs_spacer=11-12bp;gc_cont=0.547
NODE_2132_length_53289_cov_67.616959:46794-48059|+ -            422 335                  -            428   3.6e-46  155.7   0.0   1   1   5.8e-49   4.4e-46  155.4   0.0    28   421    25   419    17   421 0.84 NODE_2132_length_53289_cov_67.616959_46 # 46794 # 48059 # 1 # ID=1067_46;partial=00;start_type=ATG;rbs_motif=GGA/GAG/AGG;rbs_spacer=5-10bp;gc_cont=0.577
NODE_796_length_47878_cov_66.656982:37447-38667|+  -            407 335                  -            428   3.3e-43  146.0   0.0   1   1   5.9e-45   4.4e-42  142.2   0.0    22   411    19   387    13   401 0.83 NODE_796_length_47878_cov_66.656982_38 # 37447 # 38667 # 1 # ID=347_38;partial=00;start_type=ATG;rbs_motif=GGAG/GAGG;rbs_spacer=5-10bp;gc_cont=0.550
NODE_1204_length_64359_cov_77.399834:19630-20910|- -            427 335                  -            428   2.8e-27   93.5   0.0   1   1   7.2e-30   5.4e-27   92.5   0.0    29   357    36   345    30   397 0.84 NODE_1204_length_64359_cov_77.399834_16 # 19630 # 20910 # -1 # ID=516_16;partial=00;start_type=ATG;rbs_motif=AGGA;rbs_spacer=5-10bp;gc_cont=0.553
#
# Program:         hmmsearch
# Version:         3.4 (Aug 2023)
# Pipeline mode:   SEARCH
# Query file:      /home/simonedassisi/velvet-1.2.10/busco_downloads/lineages/enterobacteriaceae_odb12/hmms/335at543.hmm
# Target file:     results/BUSCO_output_velveth21/prodigal_output/predicted_genes/predicted.faa
# Option settings: hmmsearch --domtblout results/BUSCO_output_velveth21/run_enterobacteriaceae_odb12/hmmer_output/335at543.out --cpu 1 /home/simonedassisi/velvet-1.2.10/busco_downloads/lineages/enterobacteriaceae_odb12/hmms/335at543.hmm results/BUSCO_output_velveth21/prodigal_output/predicted_genes/predicted.faa 
# Current dir:     /home/simonedassisi/velvet-1.2.10
# Date:            Wed Apr  2 19:24:01 2025
# [ok]
