#                                                                                                         --- full sequence --- -------------- this domain -------------   hmm coord   ali coord   env coord
# target name                                     accession   tlen query name           accession   qlen   E-value  score  bias   #  of  c-Evalue  i-Evalue  score  bias  from    to  from    to  from    to  acc description of target
#                             ------------------- ---------- ----- -------------------- ---------- ----- --------- ------ ----- --- --- --------- --------- ------ ----- ----- ----- ----- ----- ----- ----- ---- ---------------------
NODE_1132_length_12179_cov_76.099594:8170-9387|+  -            406 33926                -            397  3.6e-245  811.5   0.3   1   1  3.1e-248  4.1e-245  811.3   0.3     1   397     1   405     1   405 0.97 NODE_1132_length_12179_cov_76.099594_8 # 8170 # 9387 # 1 # ID=480_8;partial=00;start_type=ATG;rbs_motif=AGGA;rbs_spacer=5-10bp;gc_cont=0.558
NODE_592_length_39318_cov_75.666641:24304-25956|+ -            551 33926                -            397   2.7e-59  199.4   8.2   1   3   4.4e-09   5.9e-06   23.8   0.6    25   102    43   121    15   134 0.80 NODE_592_length_39318_cov_75.666641_23 # 24304 # 25956 # 1 # ID=257_23;partial=00;start_type=ATG;rbs_motif=GGAG/GAGG;rbs_spacer=5-10bp;gc_cont=0.546
NODE_592_length_39318_cov_75.666641:24304-25956|+ -            551 33926                -            397   2.7e-59  199.4   8.2   2   3   1.3e-16   1.7e-13   48.6   0.3     4   161   127   296   124   303 0.74 NODE_592_length_39318_cov_75.666641_23 # 24304 # 25956 # 1 # ID=257_23;partial=00;start_type=ATG;rbs_motif=GGAG/GAGG;rbs_spacer=5-10bp;gc_cont=0.546
NODE_592_length_39318_cov_75.666641:24304-25956|+ -            551 33926                -            397   2.7e-59  199.4   8.2   3   3   8.1e-42   1.1e-38  131.6   0.1   194   395   346   550   321   550 0.93 NODE_592_length_39318_cov_75.666641_23 # 24304 # 25956 # 1 # ID=257_23;partial=00;start_type=ATG;rbs_motif=GGAG/GAGG;rbs_spacer=5-10bp;gc_cont=0.546
NODE_576_length_250_cov_64.975998:1-270|+         -             90 33926                -            397     0.003   14.9   0.0   1   1   2.3e-06    0.0031   14.8   0.0    36   106     3    73     1    86 0.80 NODE_576_length_250_cov_64.975998_1 # 1 # 270 # 1 # ID=252_1;partial=11;start_type=Edge;rbs_motif=None;rbs_spacer=None;gc_cont=0.574
NODE_1420_length_27396_cov_73.038727:4638-5705|-  -            356 33926                -            397     0.028   11.7   4.9   1   1   3.4e-05     0.045   11.0   4.9    47   155    48   162    17   224 0.67 NODE_1420_length_27396_cov_73.038727_4 # 4638 # 5705 # -1 # ID=628_4;partial=00;start_type=ATG;rbs_motif=GGxGG;rbs_spacer=5-10bp;gc_cont=0.582
#
# Program:         hmmsearch
# Version:         3.4 (Aug 2023)
# Pipeline mode:   SEARCH
# Query file:      /home/simonedassisi/velvet-1.2.10/busco_downloads/lineages/enterobacteriaceae_odb12/hmms/33926at543.hmm
# Target file:     results/BUSCO_output_velveth21/prodigal_output/predicted_genes/predicted.faa
# Option settings: hmmsearch --domtblout results/BUSCO_output_velveth21/run_enterobacteriaceae_odb12/hmmer_output/33926at543.out --cpu 1 /home/simonedassisi/velvet-1.2.10/busco_downloads/lineages/enterobacteriaceae_odb12/hmms/33926at543.hmm results/BUSCO_output_velveth21/prodigal_output/predicted_genes/predicted.faa 
# Current dir:     /home/simonedassisi/velvet-1.2.10
# Date:            Wed Apr  2 19:24:01 2025
# [ok]
