#                                                                                                          --- full sequence --- -------------- this domain -------------   hmm coord   ali coord   env coord
# target name                                      accession   tlen query name           accession   qlen   E-value  score  bias   #  of  c-Evalue  i-Evalue  score  bias  from    to  from    to  from    to  acc description of target
#                              ------------------- ---------- ----- -------------------- ---------- ----- --------- ------ ----- --- --- --------- --------- ------ ----- ----- ----- ----- ----- ----- ----- ---- ---------------------
NODE_2006_length_20165_cov_69.217606:2907-3497|-   -            197 4130                 -            195  2.3e-112  371.9   0.0   1   1  2.4e-115  2.6e-112  371.7   0.0     1   195     1   196     1   196 0.99 NODE_2006_length_20165_cov_69.217606_5 # 2907 # 3497 # -1 # ID=987_5;partial=00;start_type=ATG;rbs_motif=AGGAG;rbs_spacer=5-10bp;gc_cont=0.550
NODE_1441_length_52686_cov_76.197510:19056-19619|- -            188 4130                 -            195     2e-06   26.2   0.1   1   1   2.5e-07   0.00027   19.3   0.1    70   194    72   186    58   187 0.71 NODE_1441_length_52686_cov_76.197510_23 # 19056 # 19619 # -1 # ID=633_23;partial=00;start_type=ATG;rbs_motif=GGAG/GAGG;rbs_spacer=5-10bp;gc_cont=0.535
NODE_926_length_95421_cov_71.123581:92764-94341|+  -            526 4130                 -            195   4.2e-06   25.2   0.2   1   1   4.2e-07   0.00044   18.6   0.2    72   194    81   199    73   200 0.54 NODE_926_length_95421_cov_71.123581_81 # 92764 # 94341 # 1 # ID=386_81;partial=00;start_type=ATG;rbs_motif=GGA/GAG/AGG;rbs_spacer=5-10bp;gc_cont=0.546
NODE_625_length_50664_cov_72.003532:170-1318|+     -            383 4130                 -            195    0.0065   14.8   0.1   1   1   1.8e-05     0.019   13.3   0.0    68    93   260   285   215   290 0.86 NODE_625_length_50664_cov_72.003532_1 # 170 # 1318 # 1 # ID=266_1;partial=00;start_type=TTG;rbs_motif=GGAGG;rbs_spacer=5-10bp;gc_cont=0.533
NODE_2132_length_53289_cov_67.616959:3187-4782|-   -            532 4130                 -            195      0.02   13.2   0.3   1   2     0.015        16    3.7   0.2    70    83    77    90    52   104 0.83 NODE_2132_length_53289_cov_67.616959_4 # 3187 # 4782 # -1 # ID=1067_4;partial=00;start_type=ATG;rbs_motif=AGGAG;rbs_spacer=5-10bp;gc_cont=0.558
NODE_2132_length_53289_cov_67.616959:3187-4782|-   -            532 4130                 -            195      0.02   13.2   0.3   2   2    0.0013       1.4    7.1   0.0   159   192   152   186   106   189 0.70 NODE_2132_length_53289_cov_67.616959_4 # 3187 # 4782 # -1 # ID=1067_4;partial=00;start_type=ATG;rbs_motif=AGGAG;rbs_spacer=5-10bp;gc_cont=0.558
#
# Program:         hmmsearch
# Version:         3.4 (Aug 2023)
# Pipeline mode:   SEARCH
# Query file:      /home/simonedassisi/velvet-1.2.10/busco_downloads/lineages/enterobacteriaceae_odb12/hmms/4130at543.hmm
# Target file:     results/BUSCO_output_velveth21/prodigal_output/predicted_genes/predicted.faa
# Option settings: hmmsearch --domtblout results/BUSCO_output_velveth21/run_enterobacteriaceae_odb12/hmmer_output/4130at543.out --cpu 1 /home/simonedassisi/velvet-1.2.10/busco_downloads/lineages/enterobacteriaceae_odb12/hmms/4130at543.hmm results/BUSCO_output_velveth21/prodigal_output/predicted_genes/predicted.faa 
# Current dir:     /home/simonedassisi/velvet-1.2.10
# Date:            Wed Apr  2 19:24:01 2025
# [ok]
