#                                                                                                        --- full sequence --- -------------- this domain -------------   hmm coord   ali coord   env coord
# target name                                    accession   tlen query name           accession   qlen   E-value  score  bias   #  of  c-Evalue  i-Evalue  score  bias  from    to  from    to  from    to  acc description of target
#                            ------------------- ---------- ----- -------------------- ---------- ----- --------- ------ ----- --- --- --------- --------- ------ ----- ----- ----- ----- ----- ----- ----- ---- ---------------------
NODE_517_length_26358_cov_74.693604:7536-8996|+  -            487 454                  -            486  4.6e-303 1003.2   0.3   1   1  3.9e-306  5.2e-303 1003.0   0.3     1   486     1   486     1   486 1.00 NODE_517_length_26358_cov_74.693604_11 # 7536 # 8996 # 1 # ID=211_11;partial=00;start_type=ATG;rbs_motif=AGGA;rbs_spacer=5-10bp;gc_cont=0.517
NODE_1288_length_45176_cov_69.014496:1282-2523|- -            414 454                  -            486   1.1e-44  151.1   0.0   1   1   1.1e-47   1.5e-44  150.6   0.0   117   480     7   367     3   373 0.86 NODE_1288_length_45176_cov_69.014496_2 # 1282 # 2523 # -1 # ID=561_2;partial=00;start_type=ATG;rbs_motif=GGAG/GAGG;rbs_spacer=5-10bp;gc_cont=0.544
NODE_2299_length_38437_cov_68.775246:2688-4169|+ -            494 454                  -            486   4.6e-18   63.2   0.3   1   2   5.2e-10   6.9e-07   26.4   0.0   126   262    46   188    24   208 0.76 NODE_2299_length_38437_cov_68.775246_6 # 2688 # 4169 # 1 # ID=1153_6;partial=00;start_type=ATG;rbs_motif=3Base/5BMM;rbs_spacer=13-15bp;gc_cont=0.504
NODE_2299_length_38437_cov_68.775246:2688-4169|+ -            494 454                  -            486   4.6e-18   63.2   0.3   2   2   1.5e-11     2e-08   31.5   0.1   317   472   282   458   275   469 0.73 NODE_2299_length_38437_cov_68.775246_6 # 2688 # 4169 # 1 # ID=1153_6;partial=00;start_type=ATG;rbs_motif=3Base/5BMM;rbs_spacer=13-15bp;gc_cont=0.504
NODE_926_length_95421_cov_71.123581:1930-3285|-  -            452 454                  -            486   0.00015   18.7   0.1   1   3      0.45   5.9e+02   -3.1   0.0   129   168    35    74    12    90 0.57 NODE_926_length_95421_cov_71.123581_3 # 1930 # 3285 # -1 # ID=386_3;partial=00;start_type=ATG;rbs_motif=AGxAG;rbs_spacer=11-12bp;gc_cont=0.489
NODE_926_length_95421_cov_71.123581:1930-3285|-  -            452 454                  -            486   0.00015   18.7   0.1   2   3   0.00026      0.34    7.6   0.0   320   371   250   301   215   308 0.88 NODE_926_length_95421_cov_71.123581_3 # 1930 # 3285 # -1 # ID=386_3;partial=00;start_type=ATG;rbs_motif=AGxAG;rbs_spacer=11-12bp;gc_cont=0.489
NODE_926_length_95421_cov_71.123581:1930-3285|-  -            452 454                  -            486   0.00015   18.7   0.1   3   3   0.00017      0.23    8.2   0.0   390   442   343   395   320   419 0.87 NODE_926_length_95421_cov_71.123581_3 # 1930 # 3285 # -1 # ID=386_3;partial=00;start_type=ATG;rbs_motif=AGxAG;rbs_spacer=11-12bp;gc_cont=0.489
#
# Program:         hmmsearch
# Version:         3.4 (Aug 2023)
# Pipeline mode:   SEARCH
# Query file:      /home/simonedassisi/velvet-1.2.10/busco_downloads/lineages/enterobacteriaceae_odb12/hmms/454at543.hmm
# Target file:     results/BUSCO_output_velveth21/prodigal_output/predicted_genes/predicted.faa
# Option settings: hmmsearch --domtblout results/BUSCO_output_velveth21/run_enterobacteriaceae_odb12/hmmer_output/454at543.out --cpu 1 /home/simonedassisi/velvet-1.2.10/busco_downloads/lineages/enterobacteriaceae_odb12/hmms/454at543.hmm results/BUSCO_output_velveth21/prodigal_output/predicted_genes/predicted.faa 
# Current dir:     /home/simonedassisi/velvet-1.2.10
# Date:            Wed Apr  2 19:24:03 2025
# [ok]
