#                                                                                                          --- full sequence --- -------------- this domain -------------   hmm coord   ali coord   env coord
# target name                                      accession   tlen query name           accession   qlen   E-value  score  bias   #  of  c-Evalue  i-Evalue  score  bias  from    to  from    to  from    to  acc description of target
#                              ------------------- ---------- ----- -------------------- ---------- ----- --------- ------ ----- --- --- --------- --------- ------ ----- ----- ----- ----- ----- ----- ----- ---- ---------------------
NODE_1204_length_64359_cov_77.399834:19630-20910|- -            427 4554                 -            426  2.9e-288  953.7   5.1   1   1  4.3e-291  3.3e-288  953.5   5.1     1   426     1   426     1   426 1.00 NODE_1204_length_64359_cov_77.399834_16 # 19630 # 20910 # -1 # ID=516_16;partial=00;start_type=ATG;rbs_motif=AGGA;rbs_spacer=5-10bp;gc_cont=0.553
NODE_2154_length_30944_cov_68.453339:5923-7203|+   -            427 4554                 -            426   3.2e-47  159.5   1.8   1   1   5.6e-50   4.3e-47  159.1   1.8    28   357    18   357    10   390 0.85 NODE_2154_length_30944_cov_68.453339_5 # 5923 # 7203 # 1 # ID=1078_5;partial=00;start_type=ATG;rbs_motif=GGAG/GAGG;rbs_spacer=5-10bp;gc_cont=0.592
NODE_2132_length_53289_cov_67.616959:46794-48059|+ -            422 4554                 -            426   1.1e-42  144.6   3.2   1   1     2e-45   1.5e-42  144.1   3.2    28   363    17   362    12   377 0.86 NODE_2132_length_53289_cov_67.616959_46 # 46794 # 48059 # 1 # ID=1067_46;partial=00;start_type=ATG;rbs_motif=GGA/GAG/AGG;rbs_spacer=5-10bp;gc_cont=0.577
NODE_796_length_47878_cov_66.656982:37447-38667|+  -            407 4554                 -            426   1.9e-39  133.9   0.2   1   1   3.3e-42   2.5e-39  133.5   0.2    33   348    22   332    17   361 0.82 NODE_796_length_47878_cov_66.656982_38 # 37447 # 38667 # 1 # ID=347_38;partial=00;start_type=ATG;rbs_motif=GGAG/GAGG;rbs_spacer=5-10bp;gc_cont=0.550
NODE_299_length_31306_cov_74.835876:2561-4051|+    -            497 4554                 -            426   5.5e-39  132.4   0.2   1   1   9.8e-42   7.4e-39  132.0   0.2    42   343   111   415    79   445 0.82 NODE_299_length_31306_cov_74.835876_3 # 2561 # 4051 # 1 # ID=91_3;partial=00;start_type=ATG;rbs_motif=None;rbs_spacer=None;gc_cont=0.546
NODE_1441_length_52686_cov_76.197510:17750-18970|- -            407 4554                 -            426   2.5e-36  123.7   0.2   1   1   4.5e-39   3.4e-36  123.2   0.2    38   346    30   333    22   361 0.82 NODE_1441_length_52686_cov_76.197510_22 # 17750 # 18970 # -1 # ID=633_22;partial=00;start_type=ATG;rbs_motif=GGA/GAG/AGG;rbs_spacer=11-12bp;gc_cont=0.547
NODE_1999_length_25587_cov_66.390984:12399-13688|- -            430 4554                 -            426   9.8e-30  101.9   0.5   1   1   1.9e-32   1.5e-29  101.3   0.5    36   348    29   359    18   390 0.79 NODE_1999_length_25587_cov_66.390984_13 # 12399 # 13688 # -1 # ID=982_13;partial=00;start_type=ATG;rbs_motif=None;rbs_spacer=None;gc_cont=0.564
#
# Program:         hmmsearch
# Version:         3.4 (Aug 2023)
# Pipeline mode:   SEARCH
# Query file:      /home/simonedassisi/velvet-1.2.10/busco_downloads/lineages/enterobacteriaceae_odb12/hmms/4554at543.hmm
# Target file:     results/BUSCO_output_velveth21/prodigal_output/predicted_genes/predicted.faa
# Option settings: hmmsearch --domtblout results/BUSCO_output_velveth21/run_enterobacteriaceae_odb12/hmmer_output/4554at543.out --cpu 1 /home/simonedassisi/velvet-1.2.10/busco_downloads/lineages/enterobacteriaceae_odb12/hmms/4554at543.hmm results/BUSCO_output_velveth21/prodigal_output/predicted_genes/predicted.faa 
# Current dir:     /home/simonedassisi/velvet-1.2.10
# Date:            Wed Apr  2 19:24:03 2025
# [ok]
