#                                                                                                          --- full sequence --- -------------- this domain -------------   hmm coord   ali coord   env coord
# target name                                      accession   tlen query name           accession   qlen   E-value  score  bias   #  of  c-Evalue  i-Evalue  score  bias  from    to  from    to  from    to  acc description of target
#                              ------------------- ---------- ----- -------------------- ---------- ----- --------- ------ ----- --- --- --------- --------- ------ ----- ----- ----- ----- ----- ----- ----- ---- ---------------------
NODE_1441_length_52686_cov_76.197510:19056-19619|- -            188 46422                -            186  1.3e-114  378.2   0.0   1   1  1.3e-117  1.4e-114  378.1   0.0     1   186     1   187     1   187 0.99 NODE_1441_length_52686_cov_76.197510_23 # 19056 # 19619 # -1 # ID=633_23;partial=00;start_type=ATG;rbs_motif=GGAG/GAGG;rbs_spacer=5-10bp;gc_cont=0.535
NODE_2132_length_53289_cov_67.616959:3187-4782|-   -            532 46422                -            186   6.8e-51  170.5   0.0   1   1     1e-53   1.1e-50  169.8   0.0     2   184     4   187     3   189 0.94 NODE_2132_length_53289_cov_67.616959_4 # 3187 # 4782 # -1 # ID=1067_4;partial=00;start_type=ATG;rbs_motif=AGGAG;rbs_spacer=5-10bp;gc_cont=0.558
NODE_625_length_50664_cov_72.003532:170-1318|+     -            383 46422                -            186   9.1e-16   55.9   0.0   1   1   1.8e-18   1.9e-15   54.9   0.0    33   170   222   356   196   372 0.85 NODE_625_length_50664_cov_72.003532_1 # 170 # 1318 # 1 # ID=266_1;partial=00;start_type=TTG;rbs_motif=GGAGG;rbs_spacer=5-10bp;gc_cont=0.533
NODE_926_length_95421_cov_71.123581:92764-94341|+  -            526 46422                -            186   4.4e-12   43.9   0.0   1   1   7.2e-15   7.6e-12   43.1   0.0     2   185    10   199     9   200 0.82 NODE_926_length_95421_cov_71.123581_81 # 92764 # 94341 # 1 # ID=386_81;partial=00;start_type=ATG;rbs_motif=GGA/GAG/AGG;rbs_spacer=5-10bp;gc_cont=0.546
NODE_2006_length_20165_cov_69.217606:2907-3497|-   -            197 46422                -            186   0.00044   17.8   0.0   1   2    0.0016       1.7    6.1   0.0    70    86    68    84    42    90 0.88 NODE_2006_length_20165_cov_69.217606_5 # 2907 # 3497 # -1 # ID=987_5;partial=00;start_type=ATG;rbs_motif=AGGAG;rbs_spacer=5-10bp;gc_cont=0.550
NODE_2006_length_20165_cov_69.217606:2907-3497|-   -            197 46422                -            186   0.00044   17.8   0.0   2   2   0.00011      0.12    9.9   0.0   158   185   169   195   136   196 0.81 NODE_2006_length_20165_cov_69.217606_5 # 2907 # 3497 # -1 # ID=987_5;partial=00;start_type=ATG;rbs_motif=AGGAG;rbs_spacer=5-10bp;gc_cont=0.550
#
# Program:         hmmsearch
# Version:         3.4 (Aug 2023)
# Pipeline mode:   SEARCH
# Query file:      /home/simonedassisi/velvet-1.2.10/busco_downloads/lineages/enterobacteriaceae_odb12/hmms/46422at543.hmm
# Target file:     results/BUSCO_output_velveth21/prodigal_output/predicted_genes/predicted.faa
# Option settings: hmmsearch --domtblout results/BUSCO_output_velveth21/run_enterobacteriaceae_odb12/hmmer_output/46422at543.out --cpu 1 /home/simonedassisi/velvet-1.2.10/busco_downloads/lineages/enterobacteriaceae_odb12/hmms/46422at543.hmm results/BUSCO_output_velveth21/prodigal_output/predicted_genes/predicted.faa 
# Current dir:     /home/simonedassisi/velvet-1.2.10
# Date:            Wed Apr  2 19:24:03 2025
# [ok]
