#                                                                                                          --- full sequence --- -------------- this domain -------------   hmm coord   ali coord   env coord
# target name                                      accession   tlen query name           accession   qlen   E-value  score  bias   #  of  c-Evalue  i-Evalue  score  bias  from    to  from    to  from    to  acc description of target
#                              ------------------- ---------- ----- -------------------- ---------- ----- --------- ------ ----- --- --- --------- --------- ------ ----- ----- ----- ----- ----- ----- ----- ---- ---------------------
NODE_1539_length_37792_cov_75.811783:7991-8470|+   -            160 5118                 -            158   4.4e-95  314.1   0.5   1   1   3.7e-98   4.8e-95  313.9   0.5     1   158     1   158     1   158 1.00 NODE_1539_length_37792_cov_75.811783_9 # 7991 # 8470 # 1 # ID=694_9;partial=00;start_type=ATG;rbs_motif=GGAG/GAGG;rbs_spacer=5-10bp;gc_cont=0.529
NODE_1062_length_63423_cov_73.241127:4570-5211|-   -            214 5118                 -            158   0.00013   20.1   0.0   1   3   1.3e-05     0.017   13.2   0.0     3    28     4    29     2    43 0.82 NODE_1062_length_63423_cov_73.241127_6 # 4570 # 5211 # -1 # ID=442_6;partial=00;start_type=ATG;rbs_motif=None;rbs_spacer=None;gc_cont=0.498
NODE_1062_length_63423_cov_73.241127:4570-5211|-   -            214 5118                 -            158   0.00013   20.1   0.0   2   3     0.047        62    1.6   0.0    41    52    65    76    52    88 0.78 NODE_1062_length_63423_cov_73.241127_6 # 4570 # 5211 # -1 # ID=442_6;partial=00;start_type=ATG;rbs_motif=None;rbs_spacer=None;gc_cont=0.498
NODE_1062_length_63423_cov_73.241127:4570-5211|-   -            214 5118                 -            158   0.00013   20.1   0.0   3   3     0.061        80    1.3   0.0   119   153   171   205   150   209 0.78 NODE_1062_length_63423_cov_73.241127_6 # 4570 # 5211 # -1 # ID=442_6;partial=00;start_type=ATG;rbs_motif=None;rbs_spacer=None;gc_cont=0.498
NODE_2129_length_51924_cov_72.758377:22335-23567|+ -            411 5118                 -            158     0.019   13.1   0.0   1   1   4.6e-05     0.061   11.4   0.0     7    46    69   109    63   125 0.78 NODE_2129_length_51924_cov_72.758377_25 # 22335 # 23567 # 1 # ID=1066_25;partial=00;start_type=ATG;rbs_motif=GGAGG;rbs_spacer=5-10bp;gc_cont=0.505
NODE_1075_length_6864_cov_74.999710:5759-6817|-    -            353 5118                 -            158     0.023   12.8   0.0   1   1   3.1e-05     0.042   12.0   0.0    12    76   155   217   151   253 0.88 NODE_1075_length_6864_cov_74.999710_7 # 5759 # 6817 # -1 # ID=449_7;partial=00;start_type=ATG;rbs_motif=AGGA/GGAG/GAGG;rbs_spacer=11-12bp;gc_cont=0.510
#
# Program:         hmmsearch
# Version:         3.4 (Aug 2023)
# Pipeline mode:   SEARCH
# Query file:      /home/simonedassisi/velvet-1.2.10/busco_downloads/lineages/enterobacteriaceae_odb12/hmms/5118at543.hmm
# Target file:     results/BUSCO_output_velveth21/prodigal_output/predicted_genes/predicted.faa
# Option settings: hmmsearch --domtblout results/BUSCO_output_velveth21/run_enterobacteriaceae_odb12/hmmer_output/5118at543.out --cpu 1 /home/simonedassisi/velvet-1.2.10/busco_downloads/lineages/enterobacteriaceae_odb12/hmms/5118at543.hmm results/BUSCO_output_velveth21/prodigal_output/predicted_genes/predicted.faa 
# Current dir:     /home/simonedassisi/velvet-1.2.10
# Date:            Wed Apr  2 19:24:04 2025
# [ok]
