#                                                                                                          --- full sequence --- -------------- this domain -------------   hmm coord   ali coord   env coord
# target name                                      accession   tlen query name           accession   qlen   E-value  score  bias   #  of  c-Evalue  i-Evalue  score  bias  from    to  from    to  from    to  acc description of target
#                              ------------------- ---------- ----- -------------------- ---------- ----- --------- ------ ----- --- --- --------- --------- ------ ----- ----- ----- ----- ----- ----- ----- ---- ---------------------
NODE_1570_length_36954_cov_78.025352:34161-34892|+ -            244 5130                 -            243  1.1e-145  481.5   0.1   1   1  1.4e-148  1.2e-145  481.4   0.1     1   243     1   243     1   243 1.00 NODE_1570_length_36954_cov_78.025352_32 # 34161 # 34892 # 1 # ID=708_32;partial=00;start_type=ATG;rbs_motif=GGA/GAG/AGG;rbs_spacer=5-10bp;gc_cont=0.559
NODE_926_length_95421_cov_71.123581:7484-8521|+    -            346 5130                 -            243   1.4e-27   94.7   0.0   1   1     2e-30   1.8e-27   94.4   0.0     5   242   110   343   106   344 0.89 NODE_926_length_95421_cov_71.123581_7 # 7484 # 8521 # 1 # ID=386_7;partial=00;start_type=ATG;rbs_motif=GGAG/GAGG;rbs_spacer=5-10bp;gc_cont=0.565
NODE_1539_length_37792_cov_75.811783:23722-24411|+ -            230 5130                 -            243   2.9e-22   77.3   0.3   1   1   4.2e-25   3.7e-22   77.0   0.3    85   243     9   166     2   166 0.87 NODE_1539_length_37792_cov_75.811783_28 # 23722 # 24411 # 1 # ID=694_28;partial=00;start_type=ATG;rbs_motif=None;rbs_spacer=None;gc_cont=0.554
NODE_2129_length_51924_cov_72.758377:35829-36515|+ -            229 5130                 -            243   2.9e-05   21.7   0.0   1   1   2.4e-07   0.00021   18.9   0.0   104   236    11   153     2   161 0.76 NODE_2129_length_51924_cov_72.758377_38 # 35829 # 36515 # 1 # ID=1066_38;partial=00;start_type=ATG;rbs_motif=GGA/GAG/AGG;rbs_spacer=5-10bp;gc_cont=0.498
NODE_926_length_95421_cov_71.123581:62457-63194|+  -            246 5130                 -            243   0.00033   18.2   0.0   1   2       1.8   1.5e+03   -3.6   0.0   157   174    21    38    14    46 0.74 NODE_926_length_95421_cov_71.123581_56 # 62457 # 63194 # 1 # ID=386_56;partial=00;start_type=ATG;rbs_motif=None;rbs_spacer=None;gc_cont=0.556
NODE_926_length_95421_cov_71.123581:62457-63194|+  -            246 5130                 -            243   0.00033   18.2   0.0   2   2   8.5e-07   0.00075   17.0   0.0   188   238   106   156    99   159 0.94 NODE_926_length_95421_cov_71.123581_56 # 62457 # 63194 # 1 # ID=386_56;partial=00;start_type=ATG;rbs_motif=None;rbs_spacer=None;gc_cont=0.556
NODE_2031_length_15140_cov_83.574440:7807-8280|-   -            158 5130                 -            243    0.0035   14.9   0.0   1   1   5.3e-06    0.0047   14.4   0.0   195   241    99   147    90   149 0.79 NODE_2031_length_15140_cov_83.574440_10 # 7807 # 8280 # -1 # ID=1003_10;partial=00;start_type=ATG;rbs_motif=AGxAGG/AGGxGG;rbs_spacer=3-4bp;gc_cont=0.553
#
# Program:         hmmsearch
# Version:         3.4 (Aug 2023)
# Pipeline mode:   SEARCH
# Query file:      /home/simonedassisi/velvet-1.2.10/busco_downloads/lineages/enterobacteriaceae_odb12/hmms/5130at543.hmm
# Target file:     results/BUSCO_output_velveth21/prodigal_output/predicted_genes/predicted.faa
# Option settings: hmmsearch --domtblout results/BUSCO_output_velveth21/run_enterobacteriaceae_odb12/hmmer_output/5130at543.out --cpu 1 /home/simonedassisi/velvet-1.2.10/busco_downloads/lineages/enterobacteriaceae_odb12/hmms/5130at543.hmm results/BUSCO_output_velveth21/prodigal_output/predicted_genes/predicted.faa 
# Current dir:     /home/simonedassisi/velvet-1.2.10
# Date:            Wed Apr  2 19:24:04 2025
# [ok]
