#                                                                                                          --- full sequence --- -------------- this domain -------------   hmm coord   ali coord   env coord
# target name                                      accession   tlen query name           accession   qlen   E-value  score  bias   #  of  c-Evalue  i-Evalue  score  bias  from    to  from    to  from    to  acc description of target
#                              ------------------- ---------- ----- -------------------- ---------- ----- --------- ------ ----- --- --- --------- --------- ------ ----- ----- ----- ----- ----- ----- ----- ---- ---------------------
NODE_2305_length_33814_cov_83.113121:27792-29621|+ -            610 5811                 -            609         0 1299.0   0.2   1   1         0         0 1298.8   0.2     1   609     1   609     1   609 1.00 NODE_2305_length_33814_cov_83.113121_27 # 27792 # 29621 # 1 # ID=1155_27;partial=00;start_type=ATG;rbs_motif=GGA/GAG/AGG;rbs_spacer=5-10bp;gc_cont=0.538
NODE_679_length_36641_cov_70.533279:32741-34258|+  -            506 5811                 -            609   4.2e-21   73.1   0.1   1   1   6.4e-24   5.6e-21   72.7   0.1     1   198     1   215     1   234 0.82 NODE_679_length_36641_cov_70.533279_33 # 32741 # 34258 # 1 # ID=288_33;partial=00;start_type=ATG;rbs_motif=GGAG/GAGG;rbs_spacer=5-10bp;gc_cont=0.528
NODE_1441_length_52686_cov_76.197510:30059-31081|+ -            341 5811                 -            609   1.2e-11   41.9   0.0   1   1   8.9e-14   7.8e-11   39.2   0.0   289   600    40   332    16   338 0.80 NODE_1441_length_52686_cov_76.197510_34 # 30059 # 31081 # 1 # ID=633_34;partial=00;start_type=ATG;rbs_motif=GGAG/GAGG;rbs_spacer=5-10bp;gc_cont=0.548
NODE_1468_length_3370_cov_75.907417:398-1396|-     -            333 5811                 -            609   9.8e-05   19.1   0.0   1   1   1.6e-07   0.00014   18.6   0.0   292   497    46   238    37   253 0.80 NODE_1468_length_3370_cov_75.907417_2 # 398 # 1396 # -1 # ID=644_2;partial=00;start_type=ATG;rbs_motif=AGGAG;rbs_spacer=5-10bp;gc_cont=0.465
NODE_1590_length_24637_cov_72.101517:7213-8367|-   -            385 5811                 -            609   0.00079   16.1   0.0   1   1   2.7e-06    0.0024   14.5   0.0   343   523   106   284    15   329 0.69 NODE_1590_length_24637_cov_72.101517_9 # 7213 # 8367 # -1 # ID=719_9;partial=00;start_type=ATG;rbs_motif=AGGA;rbs_spacer=5-10bp;gc_cont=0.564
NODE_1253_length_7625_cov_68.889442:4730-5497|+    -            256 5811                 -            609     0.026   11.1   0.0   1   1   3.5e-05     0.031   10.8   0.0    56   126    61   131    57   177 0.81 NODE_1253_length_7625_cov_68.889442_5 # 4730 # 5497 # 1 # ID=540_5;partial=00;start_type=ATG;rbs_motif=GGAGG;rbs_spacer=5-10bp;gc_cont=0.534
#
# Program:         hmmsearch
# Version:         3.4 (Aug 2023)
# Pipeline mode:   SEARCH
# Query file:      /home/simonedassisi/velvet-1.2.10/busco_downloads/lineages/enterobacteriaceae_odb12/hmms/5811at543.hmm
# Target file:     results/BUSCO_output_velveth21/prodigal_output/predicted_genes/predicted.faa
# Option settings: hmmsearch --domtblout results/BUSCO_output_velveth21/run_enterobacteriaceae_odb12/hmmer_output/5811at543.out --cpu 1 /home/simonedassisi/velvet-1.2.10/busco_downloads/lineages/enterobacteriaceae_odb12/hmms/5811at543.hmm results/BUSCO_output_velveth21/prodigal_output/predicted_genes/predicted.faa 
# Current dir:     /home/simonedassisi/velvet-1.2.10
# Date:            Wed Apr  2 19:24:08 2025
# [ok]
