#                                                                                                          --- full sequence --- -------------- this domain -------------   hmm coord   ali coord   env coord
# target name                                      accession   tlen query name           accession   qlen   E-value  score  bias   #  of  c-Evalue  i-Evalue  score  bias  from    to  from    to  from    to  acc description of target
#                              ------------------- ---------- ----- -------------------- ---------- ----- --------- ------ ----- --- --- --------- --------- ------ ----- ----- ----- ----- ----- ----- ----- ---- ---------------------
NODE_592_length_39318_cov_75.666641:3-965|+        -            321 6373                 -            487  9.4e-186  616.4   0.0   1   1  1.3e-188  1.1e-185  616.2   0.0   172   486     1   315     1   316 0.99 NODE_592_length_39318_cov_75.666641_1 # 3 # 965 # 1 # ID=257_1;partial=10;start_type=Edge;rbs_motif=None;rbs_spacer=None;gc_cont=0.546
NODE_596_length_15654_cov_72.501595:15175-15672|+  -            166 6373                 -            487  5.9e-101  336.8   2.2   1   1  7.4e-104  6.5e-101  336.6   2.2     1   166     1   166     1   166 1.00 NODE_596_length_15654_cov_72.501595_14 # 15175 # 15672 # 1 # ID=258_14;partial=01;start_type=ATG;rbs_motif=3Base/5BMM;rbs_spacer=13-15bp;gc_cont=0.542
NODE_1815_length_42207_cov_77.160164:21572-22945|+ -            458 6373                 -            487   5.5e-47  158.8   0.0   1   1   1.6e-49   1.4e-46  157.4   0.0    21   408     2   388     1   457 0.83 NODE_1815_length_42207_cov_77.160164_20 # 21572 # 22945 # 1 # ID=846_20;partial=00;start_type=ATG;rbs_motif=AGGA;rbs_spacer=5-10bp;gc_cont=0.552
NODE_596_length_15654_cov_72.501595:11497-12813|+  -            439 6373                 -            487   3.1e-17   60.7   0.0   1   1   6.2e-20   5.5e-17   59.9   0.0    74   341    61   318    50   326 0.82 NODE_596_length_15654_cov_72.501595_11 # 11497 # 12813 # 1 # ID=258_11;partial=00;start_type=ATG;rbs_motif=GGA/GAG/AGG;rbs_spacer=5-10bp;gc_cont=0.550
NODE_596_length_15654_cov_72.501595:9060-10418|+   -            453 6373                 -            487   1.3e-08   32.2   0.0   1   1   2.6e-11   2.3e-08   31.4   0.0   122   324   103   313    89   328 0.81 NODE_596_length_15654_cov_72.501595_9 # 9060 # 10418 # 1 # ID=258_9;partial=00;start_type=ATG;rbs_motif=GGxGG;rbs_spacer=5-10bp;gc_cont=0.552
NODE_596_length_15654_cov_72.501595:7576-9063|+    -            496 6373                 -            487   0.00034   17.7   0.1   1   2    0.0055       4.9    4.0   0.1   122   139   112   129    99   168 0.85 NODE_596_length_15654_cov_72.501595_8 # 7576 # 9063 # 1 # ID=258_8;partial=00;start_type=GTG;rbs_motif=GGAG/GAGG;rbs_spacer=5-10bp;gc_cont=0.569
NODE_596_length_15654_cov_72.501595:7576-9063|+    -            496 6373                 -            487   0.00034   17.7   0.1   2   2   0.00012       0.1    9.5   0.0   186   368   198   374   190   470 0.73 NODE_596_length_15654_cov_72.501595_8 # 7576 # 9063 # 1 # ID=258_8;partial=00;start_type=GTG;rbs_motif=GGAG/GAGG;rbs_spacer=5-10bp;gc_cont=0.569
#
# Program:         hmmsearch
# Version:         3.4 (Aug 2023)
# Pipeline mode:   SEARCH
# Query file:      /home/simonedassisi/velvet-1.2.10/busco_downloads/lineages/enterobacteriaceae_odb12/hmms/6373at543.hmm
# Target file:     results/BUSCO_output_velveth21/prodigal_output/predicted_genes/predicted.faa
# Option settings: hmmsearch --domtblout results/BUSCO_output_velveth21/run_enterobacteriaceae_odb12/hmmer_output/6373at543.out --cpu 1 /home/simonedassisi/velvet-1.2.10/busco_downloads/lineages/enterobacteriaceae_odb12/hmms/6373at543.hmm results/BUSCO_output_velveth21/prodigal_output/predicted_genes/predicted.faa 
# Current dir:     /home/simonedassisi/velvet-1.2.10
# Date:            Wed Apr  2 19:24:10 2025
# [ok]
