#                                                                                                          --- full sequence --- -------------- this domain -------------   hmm coord   ali coord   env coord
# target name                                      accession   tlen query name           accession   qlen   E-value  score  bias   #  of  c-Evalue  i-Evalue  score  bias  from    to  from    to  from    to  acc description of target
#                              ------------------- ---------- ----- -------------------- ---------- ----- --------- ------ ----- --- --- --------- --------- ------ ----- ----- ----- ----- ----- ----- ----- ---- ---------------------
NODE_2305_length_33814_cov_83.113121:21605-23146|+ -            514 8268                 -            513         0 1122.4   2.0   1   1         0         0 1122.2   2.0     1   513     1   513     1   513 1.00 NODE_2305_length_33814_cov_83.113121_22 # 21605 # 23146 # 1 # ID=1155_22;partial=00;start_type=ATG;rbs_motif=GGA/GAG/AGG;rbs_spacer=5-10bp;gc_cont=0.534
NODE_2305_length_33814_cov_83.113121:24087-25469|+ -            461 8268                 -            513   1.1e-30  105.1   0.4   1   2   6.6e-32   5.8e-29   99.5   0.3    65   431    46   401     2   413 0.82 NODE_2305_length_33814_cov_83.113121_24 # 24087 # 25469 # 1 # ID=1155_24;partial=00;start_type=ATG;rbs_motif=GGAG/GAGG;rbs_spacer=5-10bp;gc_cont=0.550
NODE_2305_length_33814_cov_83.113121:24087-25469|+ -            461 8268                 -            513   1.1e-30  105.1   0.4   2   2      0.32   2.8e+02   -1.8   0.0    28    64   415   448   394   454 0.77 NODE_2305_length_33814_cov_83.113121_24 # 24087 # 25469 # 1 # ID=1155_24;partial=00;start_type=ATG;rbs_motif=GGAG/GAGG;rbs_spacer=5-10bp;gc_cont=0.550
NODE_817_length_13210_cov_70.289253:2-874|+        -            291 8268                 -            513   2.9e-17   60.9   0.6   1   1   1.3e-19   1.2e-16   58.9   0.6   155   381     1   212     1   267 0.86 NODE_817_length_13210_cov_70.289253_1 # 2 # 874 # 1 # ID=354_1;partial=10;start_type=Edge;rbs_motif=None;rbs_spacer=None;gc_cont=0.577
NODE_563_length_2367_cov_72.813690:1686-2387|-     -            234 8268                 -            513   3.3e-14   50.8   0.1   1   1   4.3e-17   3.8e-14   50.6   0.1    75   265    40   231    20   233 0.92 NODE_563_length_2367_cov_72.813690_5 # 1686 # 2387 # -1 # ID=246_5;partial=01;start_type=Edge;rbs_motif=None;rbs_spacer=None;gc_cont=0.453
NODE_563_length_2367_cov_72.813690:1164-1673|-     -            170 8268                 -            513   2.8e-08   31.3   0.0   1   1   6.5e-10   5.8e-07   26.9   0.0   321   441    34   157     1   164 0.82 NODE_563_length_2367_cov_72.813690_4 # 1164 # 1673 # -1 # ID=246_4;partial=00;start_type=ATG;rbs_motif=GGA/GAG/AGG;rbs_spacer=11-12bp;gc_cont=0.439
NODE_379_length_6573_cov_66.862923:2-505|-         -            168 8268                 -            513     0.043   10.8   0.0   1   1   0.00011     0.093    9.7   0.0    96   154   109   167   106   168 0.88 NODE_379_length_6573_cov_66.862923_1 # 2 # 505 # -1 # ID=123_1;partial=10;start_type=ATG;rbs_motif=AGGAG;rbs_spacer=5-10bp;gc_cont=0.583
#
# Program:         hmmsearch
# Version:         3.4 (Aug 2023)
# Pipeline mode:   SEARCH
# Query file:      /home/simonedassisi/velvet-1.2.10/busco_downloads/lineages/enterobacteriaceae_odb12/hmms/8268at543.hmm
# Target file:     results/BUSCO_output_velveth21/prodigal_output/predicted_genes/predicted.faa
# Option settings: hmmsearch --domtblout results/BUSCO_output_velveth21/run_enterobacteriaceae_odb12/hmmer_output/8268at543.out --cpu 1 /home/simonedassisi/velvet-1.2.10/busco_downloads/lineages/enterobacteriaceae_odb12/hmms/8268at543.hmm results/BUSCO_output_velveth21/prodigal_output/predicted_genes/predicted.faa 
# Current dir:     /home/simonedassisi/velvet-1.2.10
# Date:            Wed Apr  2 19:24:14 2025
# [ok]
