#                                                                                                          --- full sequence --- -------------- this domain -------------   hmm coord   ali coord   env coord
# target name                                      accession   tlen query name           accession   qlen   E-value  score  bias   #  of  c-Evalue  i-Evalue  score  bias  from    to  from    to  from    to  acc description of target
#                              ------------------- ---------- ----- -------------------- ---------- ----- --------- ------ ----- --- --- --------- --------- ------ ----- ----- ----- ----- ----- ----- ----- ---- ---------------------
NODE_2305_length_33814_cov_83.113121:24087-25469|+ -            461 8290                 -            460         0 1038.4   1.8   1   1         0         0 1038.2   1.8     1   460     1   460     1   460 1.00 NODE_2305_length_33814_cov_83.113121_24 # 24087 # 25469 # 1 # ID=1155_24;partial=00;start_type=ATG;rbs_motif=GGAG/GAGG;rbs_spacer=5-10bp;gc_cont=0.550
NODE_817_length_13210_cov_70.289253:2-874|+        -            291 8290                 -            460   7.3e-35  118.8   0.1   1   1     1e-37   8.8e-35  118.5   0.1   141   378     6   241     2   270 0.91 NODE_817_length_13210_cov_70.289253_1 # 2 # 874 # 1 # ID=354_1;partial=10;start_type=Edge;rbs_motif=None;rbs_spacer=None;gc_cont=0.577
NODE_2305_length_33814_cov_83.113121:21605-23146|+ -            514 8290                 -            460   3.2e-29  100.1   1.0   1   1   8.8e-32   7.8e-29   98.9   0.8    49   371    68   403    58   433 0.85 NODE_2305_length_33814_cov_83.113121_22 # 21605 # 23146 # 1 # ID=1155_22;partial=00;start_type=ATG;rbs_motif=GGA/GAG/AGG;rbs_spacer=5-10bp;gc_cont=0.534
NODE_563_length_2367_cov_72.813690:1686-2387|-     -            234 8290                 -            460   7.7e-25   85.7   0.1   1   1   9.8e-28   8.6e-25   85.5   0.1    56   248    40   232     5   233 0.89 NODE_563_length_2367_cov_72.813690_5 # 1686 # 2387 # -1 # ID=246_5;partial=01;start_type=Edge;rbs_motif=None;rbs_spacer=None;gc_cont=0.453
NODE_563_length_2367_cov_72.813690:1164-1673|-     -            170 8290                 -            460   1.9e-12   44.9   0.0   1   1   2.6e-15   2.3e-12   44.6   0.0   261   377     7   122     3   152 0.87 NODE_563_length_2367_cov_72.813690_4 # 1164 # 1673 # -1 # ID=246_4;partial=00;start_type=ATG;rbs_motif=GGA/GAG/AGG;rbs_spacer=11-12bp;gc_cont=0.439
NODE_888_length_35781_cov_80.233421:19431-20690|+  -            420 8290                 -            460   8.3e-07   26.3   0.0   1   1   1.3e-09   1.1e-06   25.8   0.0   130   360   158   382   117   412 0.84 NODE_888_length_35781_cov_80.233421_17 # 19431 # 20690 # 1 # ID=375_17;partial=00;start_type=ATG;rbs_motif=None;rbs_spacer=None;gc_cont=0.504
#
# Program:         hmmsearch
# Version:         3.4 (Aug 2023)
# Pipeline mode:   SEARCH
# Query file:      /home/simonedassisi/velvet-1.2.10/busco_downloads/lineages/enterobacteriaceae_odb12/hmms/8290at543.hmm
# Target file:     results/BUSCO_output_velveth21/prodigal_output/predicted_genes/predicted.faa
# Option settings: hmmsearch --domtblout results/BUSCO_output_velveth21/run_enterobacteriaceae_odb12/hmmer_output/8290at543.out --cpu 1 /home/simonedassisi/velvet-1.2.10/busco_downloads/lineages/enterobacteriaceae_odb12/hmms/8290at543.hmm results/BUSCO_output_velveth21/prodigal_output/predicted_genes/predicted.faa 
# Current dir:     /home/simonedassisi/velvet-1.2.10
# Date:            Wed Apr  2 19:24:15 2025
# [ok]
