#                                                                                                          --- full sequence --- -------------- this domain -------------   hmm coord   ali coord   env coord
# target name                                      accession   tlen query name           accession   qlen   E-value  score  bias   #  of  c-Evalue  i-Evalue  score  bias  from    to  from    to  from    to  acc description of target
#                              ------------------- ---------- ----- -------------------- ---------- ----- --------- ------ ----- --- --- --------- --------- ------ ----- ----- ----- ----- ----- ----- ----- ---- ---------------------
NODE_989_length_51512_cov_75.450089:6928-8001|+    -            358 9377                 -            357  7.3e-232  766.9   0.1   1   1  6.2e-235  8.2e-232  766.7   0.1     1   357     1   357     1   357 1.00 NODE_989_length_51512_cov_75.450089_7 # 6928 # 8001 # 1 # ID=419_7;partial=00;start_type=ATG;rbs_motif=GGA/GAG/AGG;rbs_spacer=5-10bp;gc_cont=0.546
NODE_1864_length_2939_cov_135.448105:129-1694|+    -            522 9377                 -            357   6.4e-06   23.6   0.1   1   3   5.1e-08   6.8e-05   20.2   0.0     3    43     4    44     1    73 0.91 NODE_1864_length_2939_cov_135.448105_1 # 129 # 1694 # 1 # ID=877_1;partial=00;start_type=ATG;rbs_motif=AGGA;rbs_spacer=5-10bp;gc_cont=0.535
NODE_1864_length_2939_cov_135.448105:129-1694|+    -            522 9377                 -            357   6.4e-06   23.6   0.1   2   3      0.81   1.1e+03   -3.5   0.0   307   333   288   315   270   324 0.60 NODE_1864_length_2939_cov_135.448105_1 # 129 # 1694 # 1 # ID=877_1;partial=00;start_type=ATG;rbs_motif=AGGA;rbs_spacer=5-10bp;gc_cont=0.535
NODE_1864_length_2939_cov_135.448105:129-1694|+    -            522 9377                 -            357   6.4e-06   23.6   0.1   3   3     0.056        75    0.3   0.0   148   173   405   431   386   484 0.78 NODE_1864_length_2939_cov_135.448105_1 # 129 # 1694 # 1 # ID=877_1;partial=00;start_type=ATG;rbs_motif=AGGA;rbs_spacer=5-10bp;gc_cont=0.535
NODE_1709_length_68036_cov_72.575531:41072-42730|- -            553 9377                 -            357    0.0096   13.1   0.1   1   1   1.4e-05     0.019   12.2   0.1     1    44     1    43     1    48 0.91 NODE_1709_length_68036_cov_72.575531_37 # 41072 # 42730 # -1 # ID=785_37;partial=00;start_type=ATG;rbs_motif=GGAGG;rbs_spacer=3-4bp;gc_cont=0.535
NODE_1434_length_95894_cov_75.275742:93071-93904|+ -            278 9377                 -            357     0.019   12.1   0.0   1   1   2.2e-05      0.03   11.5   0.0    26    77   124   174   107   181 0.88 NODE_1434_length_95894_cov_75.275742_83 # 93071 # 93904 # 1 # ID=631_83;partial=00;start_type=GTG;rbs_motif=AGGAG;rbs_spacer=5-10bp;gc_cont=0.608
#
# Program:         hmmsearch
# Version:         3.4 (Aug 2023)
# Pipeline mode:   SEARCH
# Query file:      /home/simonedassisi/velvet-1.2.10/busco_downloads/lineages/enterobacteriaceae_odb12/hmms/9377at543.hmm
# Target file:     results/BUSCO_output_velveth21/prodigal_output/predicted_genes/predicted.faa
# Option settings: hmmsearch --domtblout results/BUSCO_output_velveth21/run_enterobacteriaceae_odb12/hmmer_output/9377at543.out --cpu 1 /home/simonedassisi/velvet-1.2.10/busco_downloads/lineages/enterobacteriaceae_odb12/hmms/9377at543.hmm results/BUSCO_output_velveth21/prodigal_output/predicted_genes/predicted.faa 
# Current dir:     /home/simonedassisi/velvet-1.2.10
# Date:            Wed Apr  2 19:24:16 2025
# [ok]
