#                                                                                                         --- full sequence --- -------------- this domain -------------   hmm coord   ali coord   env coord
# target name                                     accession   tlen query name           accession   qlen   E-value  score  bias   #  of  c-Evalue  i-Evalue  score  bias  from    to  from    to  from    to  acc description of target
#                             ------------------- ---------- ----- -------------------- ---------- ----- --------- ------ ----- --- --- --------- --------- ------ ----- ----- ----- ----- ----- ----- ----- ---- ---------------------
NODE_10_length_119716_cov_38.250842:20377-22041|- -            555 10470                -            510   3.4e-87  291.3   0.1   1   2   1.3e-88   1.6e-85  285.7   0.1    87   405    25   355    14   397 0.91 NODE_10_length_119716_cov_38.250842_19 # 20377 # 22041 # -1 # ID=10_19;partial=00;start_type=ATG;rbs_motif=GGAG/GAGG;rbs_spacer=5-10bp;gc_cont=0.525
NODE_10_length_119716_cov_38.250842:20377-22041|- -            555 10470                -            510   3.4e-87  291.3   0.1   2   2    0.0051       6.5    3.3   0.0   474   503   500   530   485   534 0.80 NODE_10_length_119716_cov_38.250842_19 # 20377 # 22041 # -1 # ID=10_19;partial=00;start_type=ATG;rbs_motif=GGAG/GAGG;rbs_spacer=5-10bp;gc_cont=0.525
NODE_13_length_92664_cov_37.475885:46757-48172|+  -            472 10470                -            510   4.4e-44  149.0   0.2   1   1   3.1e-46     4e-43  145.9   0.2    89   334     2   249     1   282 0.79 NODE_13_length_92664_cov_37.475885_50 # 46757 # 48172 # 1 # ID=13_50;partial=00;start_type=ATG;rbs_motif=GGA/GAG/AGG;rbs_spacer=5-10bp;gc_cont=0.526
NODE_30_length_69036_cov_41.149327:62597-63523|+  -            309 10470                -            510   2.4e-29  100.4   0.0   1   2   2.7e-18   3.3e-15   53.7   0.0    91   192    17   119     9   124 0.94 NODE_30_length_69036_cov_41.149327_57 # 62597 # 63523 # 1 # ID=30_57;partial=00;start_type=ATG;rbs_motif=GGA/GAG/AGG;rbs_spacer=5-10bp;gc_cont=0.536
NODE_30_length_69036_cov_41.149327:62597-63523|+  -            309 10470                -            510   2.4e-29  100.4   0.0   2   2   1.6e-15     2e-12   44.5   0.0   265   357   182   271   179   285 0.88 NODE_30_length_69036_cov_41.149327_57 # 62597 # 63523 # 1 # ID=30_57;partial=00;start_type=ATG;rbs_motif=GGA/GAG/AGG;rbs_spacer=5-10bp;gc_cont=0.536
NODE_2_length_157429_cov_38.171358:64782-65282|+  -            167 10470                -            510    0.0099   12.6   0.0   1   1   9.4e-06     0.012   12.3   0.0   317   374    10    72     6   103 0.78 NODE_2_length_157429_cov_38.171358_63 # 64782 # 65282 # 1 # ID=2_63;partial=00;start_type=ATG;rbs_motif=GGA/GAG/AGG;rbs_spacer=5-10bp;gc_cont=0.555
#
# Program:         hmmsearch
# Version:         3.4 (Aug 2023)
# Pipeline mode:   SEARCH
# Query file:      /home/simonedassisi/busco_downloads/lineages/archaea_odb12/hmms/10470at2157.hmm
# Target file:     home/simonedassisi/Desktop/BUSCO_output/prodigal_output/predicted_genes/predicted.faa
# Option settings: hmmsearch --domtblout home/simonedassisi/Desktop/BUSCO_output/auto_lineage/run_archaea_odb12/hmmer_output/10470at2157.out --cpu 1 /home/simonedassisi/busco_downloads/lineages/archaea_odb12/hmms/10470at2157.hmm home/simonedassisi/Desktop/BUSCO_output/prodigal_output/predicted_genes/predicted.faa 
# Current dir:     /home/simonedassisi
# Date:            Tue Apr  1 14:23:21 2025
# [ok]
