#                                                                                                         --- full sequence --- -------------- this domain -------------   hmm coord   ali coord   env coord
# target name                                     accession   tlen query name           accession   qlen   E-value  score  bias   #  of  c-Evalue  i-Evalue  score  bias  from    to  from    to  from    to  acc description of target
#                             ------------------- ---------- ----- -------------------- ---------- ----- --------- ------ ----- --- --- --------- --------- ------ ----- ----- ----- ----- ----- ----- ----- ---- ---------------------
NODE_32_length_57606_cov_39.295812:51525-52958|+  -            478 1912                 -            142   2.7e-27   93.7   0.0   1   1   4.4e-30   4.4e-27   93.0   0.0     2   139   341   475   340   477 0.95 NODE_32_length_57606_cov_39.295812_42 # 51525 # 52958 # 1 # ID=32_42;partial=00;start_type=ATG;rbs_motif=AGGAG;rbs_spacer=5-10bp;gc_cont=0.562
NODE_4_length_139564_cov_44.158667:5707-6558|+    -            284 1912                 -            142   3.6e-05   22.0   0.0   1   2   6.6e-05     0.067   11.3   0.0    12    35    32    55    22    62 0.86 NODE_4_length_139564_cov_44.158667_8 # 5707 # 6558 # 1 # ID=4_8;partial=00;start_type=GTG;rbs_motif=AGGAG;rbs_spacer=5-10bp;gc_cont=0.522
NODE_4_length_139564_cov_44.158667:5707-6558|+    -            284 1912                 -            142   3.6e-05   22.0   0.0   2   2   0.00062      0.62    8.2   0.0    77   121   135   179   126   192 0.82 NODE_4_length_139564_cov_44.158667_8 # 5707 # 6558 # 1 # ID=4_8;partial=00;start_type=GTG;rbs_motif=AGGAG;rbs_spacer=5-10bp;gc_cont=0.522
NODE_31_length_58399_cov_38.812466:28511-29743|-  -            411 1912                 -            142    0.0001   20.5   0.0   1   2   1.3e-06    0.0013   16.9   0.0     5    42    68   105    64   125 0.88 NODE_31_length_58399_cov_38.812466_26 # 28511 # 29743 # -1 # ID=31_26;partial=00;start_type=ATG;rbs_motif=GGAGG;rbs_spacer=5-10bp;gc_cont=0.504
NODE_31_length_58399_cov_38.812466:28511-29743|-  -            411 1912                 -            142    0.0001   20.5   0.0   2   2      0.13   1.3e+02    0.7   0.0    11    34   285   308   280   330 0.83 NODE_31_length_58399_cov_38.812466_26 # 28511 # 29743 # -1 # ID=31_26;partial=00;start_type=ATG;rbs_motif=GGAGG;rbs_spacer=5-10bp;gc_cont=0.504
NODE_39_length_47213_cov_38.868135:17283-17762|+  -            160 1912                 -            142   0.00019   19.6   0.0   1   1   2.8e-07   0.00029   19.0   0.0     2    57     3    53     2    83 0.80 NODE_39_length_47213_cov_38.868135_17 # 17283 # 17762 # 1 # ID=39_17;partial=00;start_type=ATG;rbs_motif=GGAG/GAGG;rbs_spacer=5-10bp;gc_cont=0.529
NODE_10_length_119716_cov_38.250842:58440-59081|+ -            214 1912                 -            142    0.0068   14.6   0.0   1   1   9.9e-06      0.01   14.0   0.0     4    60     6    61     3    74 0.83 NODE_10_length_119716_cov_38.250842_50 # 58440 # 59081 # 1 # ID=10_50;partial=00;start_type=ATG;rbs_motif=None;rbs_spacer=None;gc_cont=0.502
#
# Program:         hmmsearch
# Version:         3.4 (Aug 2023)
# Pipeline mode:   SEARCH
# Query file:      /home/simonedassisi/busco_downloads/lineages/archaea_odb12/hmms/1912at2157.hmm
# Target file:     home/simonedassisi/Desktop/BUSCO_output/prodigal_output/predicted_genes/predicted.faa
# Option settings: hmmsearch --domtblout home/simonedassisi/Desktop/BUSCO_output/auto_lineage/run_archaea_odb12/hmmer_output/1912at2157.out --cpu 1 /home/simonedassisi/busco_downloads/lineages/archaea_odb12/hmms/1912at2157.hmm home/simonedassisi/Desktop/BUSCO_output/prodigal_output/predicted_genes/predicted.faa 
# Current dir:     /home/simonedassisi
# Date:            Tue Apr  1 14:23:21 2025
# [ok]
