#                                                                                                         --- full sequence --- -------------- this domain -------------   hmm coord   ali coord   env coord
# target name                                     accession   tlen query name           accession   qlen   E-value  score  bias   #  of  c-Evalue  i-Evalue  score  bias  from    to  from    to  from    to  acc description of target
#                             ------------------- ---------- ----- -------------------- ---------- ----- --------- ------ ----- --- --- --------- --------- ------ ----- ----- ----- ----- ----- ----- ----- ---- ---------------------
NODE_60_length_26402_cov_36.807041:20391-21452|+  -            354 31129                -            304   5.1e-17   60.3   0.1   1   1   5.1e-20   8.5e-17   59.5   0.1    70   275    33   230     2   240 0.81 NODE_60_length_26402_cov_36.807041_21 # 20391 # 21452 # 1 # ID=60_21;partial=00;start_type=ATG;rbs_motif=AGGAG;rbs_spacer=5-10bp;gc_cont=0.539
NODE_8_length_126545_cov_41.885285:98996-100483|+ -            496 31129                -            304   3.9e-05   21.2   1.4   1   4      0.42   7.1e+02   -2.6   0.1   161   183    99   121    74   145 0.57 NODE_8_length_126545_cov_41.885285_95 # 98996 # 100483 # 1 # ID=8_95;partial=00;start_type=ATG;rbs_motif=4Base/6BMM;rbs_spacer=13-15bp;gc_cont=0.528
NODE_8_length_126545_cov_41.885285:98996-100483|+ -            496 31129                -            304   3.9e-05   21.2   1.4   2   4       0.5   8.4e+02   -2.9   0.0   178   203   326   351   290   353 0.69 NODE_8_length_126545_cov_41.885285_95 # 98996 # 100483 # 1 # ID=8_95;partial=00;start_type=ATG;rbs_motif=4Base/6BMM;rbs_spacer=13-15bp;gc_cont=0.528
NODE_8_length_126545_cov_41.885285:98996-100483|+ -            496 31129                -            304   3.9e-05   21.2   1.4   3   4    0.0028       4.7    4.5   0.0    10    58   365   414   357   427 0.80 NODE_8_length_126545_cov_41.885285_95 # 98996 # 100483 # 1 # ID=8_95;partial=00;start_type=ATG;rbs_motif=4Base/6BMM;rbs_spacer=13-15bp;gc_cont=0.528
NODE_8_length_126545_cov_41.885285:98996-100483|+ -            496 31129                -            304   3.9e-05   21.2   1.4   4   4   2.8e-06    0.0047   14.4   0.0     3    58   433   489   431   493 0.91 NODE_8_length_126545_cov_41.885285_95 # 98996 # 100483 # 1 # ID=8_95;partial=00;start_type=ATG;rbs_motif=4Base/6BMM;rbs_spacer=13-15bp;gc_cont=0.528
NODE_31_length_58399_cov_38.812466:29764-31146|-  -            461 31129                -            304   0.00085   16.8   0.1   1   1   1.2e-06     0.002   15.6   0.1    74   237    73   217    62   231 0.66 NODE_31_length_58399_cov_38.812466_27 # 29764 # 31146 # -1 # ID=31_27;partial=00;start_type=GTG;rbs_motif=GGAG/GAGG;rbs_spacer=5-10bp;gc_cont=0.575
#
# Program:         hmmsearch
# Version:         3.4 (Aug 2023)
# Pipeline mode:   SEARCH
# Query file:      /home/simonedassisi/busco_downloads/lineages/archaea_odb12/hmms/31129at2157.hmm
# Target file:     home/simonedassisi/Desktop/BUSCO_output/prodigal_output/predicted_genes/predicted.faa
# Option settings: hmmsearch --domtblout home/simonedassisi/Desktop/BUSCO_output/auto_lineage/run_archaea_odb12/hmmer_output/31129at2157.out --cpu 1 /home/simonedassisi/busco_downloads/lineages/archaea_odb12/hmms/31129at2157.hmm home/simonedassisi/Desktop/BUSCO_output/prodigal_output/predicted_genes/predicted.faa 
# Current dir:     /home/simonedassisi
# Date:            Tue Apr  1 14:23:22 2025
# [ok]
