#                                                                                                        --- full sequence --- -------------- this domain -------------   hmm coord   ali coord   env coord
# target name                                    accession   tlen query name           accession   qlen   E-value  score  bias   #  of  c-Evalue  i-Evalue  score  bias  from    to  from    to  from    to  acc description of target
#                            ------------------- ---------- ----- -------------------- ---------- ----- --------- ------ ----- --- --- --------- --------- ------ ----- ----- ----- ----- ----- ----- ----- ---- ---------------------
NODE_62_length_24769_cov_35.270392:1229-2005|+   -            259 371836               -            142     0.012   13.4   0.2   1   1   7.1e-05      0.12   10.2   0.2    86   116    40    70     7    85 0.85 NODE_62_length_24769_cov_35.270392_2 # 1229 # 2005 # 1 # ID=62_2;partial=00;start_type=ATG;rbs_motif=GGAG/GAGG;rbs_spacer=5-10bp;gc_cont=0.503
NODE_3_length_152663_cov_37.088930:93377-94123|+ -            249 371836               -            142     0.029   12.2   0.2   1   2      0.43   7.2e+02   -2.0   0.0    11    37     7    33     4    39 0.72 NODE_3_length_152663_cov_37.088930_82 # 93377 # 94123 # 1 # ID=3_82;partial=00;start_type=ATG;rbs_motif=AGGA;rbs_spacer=5-10bp;gc_cont=0.514
NODE_3_length_152663_cov_37.088930:93377-94123|+ -            249 371836               -            142     0.029   12.2   0.2   2   2   4.8e-05     0.081   10.8   0.1    86   113    55    82    31    88 0.85 NODE_3_length_152663_cov_37.088930_82 # 93377 # 94123 # 1 # ID=3_82;partial=00;start_type=ATG;rbs_motif=AGGA;rbs_spacer=5-10bp;gc_cont=0.514
NODE_27_length_73011_cov_40.630920:69664-70416|+ -            251 371836               -            142     0.038   11.8   0.5   1   3     0.038        64    1.4   0.0     1    32     1    33     1    45 0.73 NODE_27_length_73011_cov_40.630920_73 # 69664 # 70416 # 1 # ID=27_73;partial=00;start_type=ATG;rbs_motif=GGA/GAG/AGG;rbs_spacer=5-10bp;gc_cont=0.409
NODE_27_length_73011_cov_40.630920:69664-70416|+ -            251 371836               -            142     0.038   11.8   0.5   2   3   0.00028      0.47    8.3   0.1    86   114    44    72    32    96 0.86 NODE_27_length_73011_cov_40.630920_73 # 69664 # 70416 # 1 # ID=27_73;partial=00;start_type=ATG;rbs_motif=GGA/GAG/AGG;rbs_spacer=5-10bp;gc_cont=0.409
NODE_27_length_73011_cov_40.630920:69664-70416|+ -            251 371836               -            142     0.038   11.8   0.5   3   3       0.5   8.3e+02   -2.2   0.0   113   137   191   215   175   219 0.70 NODE_27_length_73011_cov_40.630920_73 # 69664 # 70416 # 1 # ID=27_73;partial=00;start_type=ATG;rbs_motif=GGA/GAG/AGG;rbs_spacer=5-10bp;gc_cont=0.409
#
# Program:         hmmsearch
# Version:         3.4 (Aug 2023)
# Pipeline mode:   SEARCH
# Query file:      /home/simonedassisi/busco_downloads/lineages/archaea_odb12/hmms/371836at2157.hmm
# Target file:     home/simonedassisi/Desktop/BUSCO_output/prodigal_output/predicted_genes/predicted.faa
# Option settings: hmmsearch --domtblout home/simonedassisi/Desktop/BUSCO_output/auto_lineage/run_archaea_odb12/hmmer_output/371836at2157.out --cpu 1 /home/simonedassisi/busco_downloads/lineages/archaea_odb12/hmms/371836at2157.hmm home/simonedassisi/Desktop/BUSCO_output/prodigal_output/predicted_genes/predicted.faa 
# Current dir:     /home/simonedassisi
# Date:            Tue Apr  1 14:23:22 2025
# [ok]
