#                                                                                                       --- full sequence --- -------------- this domain -------------   hmm coord   ali coord   env coord
# target name                                   accession   tlen query name           accession   qlen   E-value  score  bias   #  of  c-Evalue  i-Evalue  score  bias  from    to  from    to  from    to  acc description of target
#                           ------------------- ---------- ----- -------------------- ---------- ----- --------- ------ ----- --- --- --------- --------- ------ ----- ----- ----- ----- ----- ----- ----- ---- ---------------------
NODE_51_length_31115_cov_42.820834:8368-12591|+ -           1408 372142               -            433   3.6e-28   96.8   5.1   1   4   7.3e-15   1.9e-11   41.8   0.0    93   127   907   941   871   944 0.91 NODE_51_length_31115_cov_42.820834_9 # 8368 # 12591 # 1 # ID=51_9;partial=00;start_type=GTG;rbs_motif=GGAG/GAGG;rbs_spacer=5-10bp;gc_cont=0.539
NODE_51_length_31115_cov_42.820834:8368-12591|+ -           1408 372142               -            433   3.6e-28   96.8   5.1   2   4     0.011        28    1.6   0.0   130   151  1133  1153  1131  1161 0.83 NODE_51_length_31115_cov_42.820834_9 # 8368 # 12591 # 1 # ID=51_9;partial=00;start_type=GTG;rbs_motif=GGAG/GAGG;rbs_spacer=5-10bp;gc_cont=0.539
NODE_51_length_31115_cov_42.820834:8368-12591|+ -           1408 372142               -            433   3.6e-28   96.8   5.1   3   4   1.3e-05     0.033   11.3   0.2   305   354  1218  1267  1197  1274 0.86 NODE_51_length_31115_cov_42.820834_9 # 8368 # 12591 # 1 # ID=51_9;partial=00;start_type=GTG;rbs_motif=GGAG/GAGG;rbs_spacer=5-10bp;gc_cont=0.539
NODE_51_length_31115_cov_42.820834:8368-12591|+ -           1408 372142               -            433   3.6e-28   96.8   5.1   4   4   1.8e-14   4.5e-11   40.5   0.1   366   412  1317  1363  1308  1378 0.93 NODE_51_length_31115_cov_42.820834_9 # 8368 # 12591 # 1 # ID=51_9;partial=00;start_type=GTG;rbs_motif=GGAG/GAGG;rbs_spacer=5-10bp;gc_cont=0.539
NODE_81_length_14768_cov_38.084830:1-2511|-     -            837 372142               -            433   7.5e-05   20.0   0.0   1   2   1.1e-07   0.00028   18.1   0.0   142   258   127   252   118   257 0.82 NODE_81_length_14768_cov_38.084830_1 # 1 # 2511 # -1 # ID=81_1;partial=10;start_type=ATG;rbs_motif=GGAG/GAGG;rbs_spacer=5-10bp;gc_cont=0.530
NODE_81_length_14768_cov_38.084830:1-2511|-     -            837 372142               -            433   7.5e-05   20.0   0.0   2   2      0.11   2.9e+02   -1.7   0.0   194   226   724   756   710   775 0.83 NODE_81_length_14768_cov_38.084830_1 # 1 # 2511 # -1 # ID=81_1;partial=10;start_type=ATG;rbs_motif=GGAG/GAGG;rbs_spacer=5-10bp;gc_cont=0.530
#
# Program:         hmmsearch
# Version:         3.4 (Aug 2023)
# Pipeline mode:   SEARCH
# Query file:      /home/simonedassisi/busco_downloads/lineages/archaea_odb12/hmms/372142at2157.hmm
# Target file:     home/simonedassisi/Desktop/BUSCO_output/prodigal_output/predicted_genes/predicted.faa
# Option settings: hmmsearch --domtblout home/simonedassisi/Desktop/BUSCO_output/auto_lineage/run_archaea_odb12/hmmer_output/372142at2157.out --cpu 1 /home/simonedassisi/busco_downloads/lineages/archaea_odb12/hmms/372142at2157.hmm home/simonedassisi/Desktop/BUSCO_output/prodigal_output/predicted_genes/predicted.faa 
# Current dir:     /home/simonedassisi
# Date:            Tue Apr  1 14:23:23 2025
# [ok]
