#                                                                                                         --- full sequence --- -------------- this domain -------------   hmm coord   ali coord   env coord
# target name                                     accession   tlen query name           accession   qlen   E-value  score  bias   #  of  c-Evalue  i-Evalue  score  bias  from    to  from    to  from    to  acc description of target
#                             ------------------- ---------- ----- -------------------- ---------- ----- --------- ------ ----- --- --- --------- --------- ------ ----- ----- ----- ----- ----- ----- ----- ---- ---------------------
NODE_6_length_131096_cov_36.333598:48779-50512|-  -            578 372102               -            584  1.6e-113  378.4   0.1   1   1  1.8e-116  1.8e-113  378.2   0.1     8   584     6   577     1   577 0.93 NODE_6_length_131096_cov_36.333598_50 # 48779 # 50512 # -1 # ID=6_50;partial=00;start_type=GTG;rbs_motif=GGA/GAG/AGG;rbs_spacer=5-10bp;gc_cont=0.531
NODE_10_length_119716_cov_38.250842:54229-56811|+ -            861 372102               -            584     1e-05   22.4   0.1   1   1   1.7e-08   1.7e-05   21.6   0.1   129   158    44    73    42    76 0.94 NODE_10_length_119716_cov_38.250842_47 # 54229 # 56811 # 1 # ID=10_47;partial=00;start_type=ATG;rbs_motif=AGGA/GGAG/GAGG;rbs_spacer=11-12bp;gc_cont=0.533
NODE_1_length_276430_cov_40.515391:29400-31469|+  -            690 372102               -            584   0.00088   16.0   0.8   1   1   1.6e-06    0.0016   15.2   0.8   463   570   576   680   548   686 0.84 NODE_1_length_276430_cov_40.515391_29 # 29400 # 31469 # 1 # ID=1_29;partial=00;start_type=ATG;rbs_motif=GGAG/GAGG;rbs_spacer=5-10bp;gc_cont=0.559
NODE_53_length_29778_cov_36.323025:15029-15259|+  -             77 372102               -            584   0.00098   15.9   0.1   1   1   1.2e-06    0.0012   15.6   0.1   396   446    21    71    19    73 0.93 NODE_53_length_29778_cov_36.323025_17 # 15029 # 15259 # 1 # ID=53_17;partial=00;start_type=ATG;rbs_motif=AGGAG;rbs_spacer=5-10bp;gc_cont=0.459
NODE_3_length_152663_cov_37.088930:79821-81854|-  -            678 372102               -            584      0.04   10.5   0.2   1   3    0.0072       7.3    3.1   0.0   129   159    17    47     2    49 0.86 NODE_3_length_152663_cov_37.088930_68 # 79821 # 81854 # -1 # ID=3_68;partial=00;start_type=ATG;rbs_motif=AGxAG;rbs_spacer=11-12bp;gc_cont=0.530
NODE_3_length_152663_cov_37.088930:79821-81854|-  -            678 372102               -            584      0.04   10.5   0.2   2   3      0.82   8.3e+02   -3.7   0.0   247   293    75   121    70   125 0.76 NODE_3_length_152663_cov_37.088930_68 # 79821 # 81854 # -1 # ID=3_68;partial=00;start_type=ATG;rbs_motif=AGxAG;rbs_spacer=11-12bp;gc_cont=0.530
NODE_3_length_152663_cov_37.088930:79821-81854|-  -            678 372102               -            584      0.04   10.5   0.2   3   3     0.002         2    4.9   0.0   359   406   309   354   280   384 0.75 NODE_3_length_152663_cov_37.088930_68 # 79821 # 81854 # -1 # ID=3_68;partial=00;start_type=ATG;rbs_motif=AGxAG;rbs_spacer=11-12bp;gc_cont=0.530
#
# Program:         hmmsearch
# Version:         3.4 (Aug 2023)
# Pipeline mode:   SEARCH
# Query file:      /home/simonedassisi/busco_downloads/lineages/archaea_odb12/hmms/372102at2157.hmm
# Target file:     home/simonedassisi/Desktop/BUSCO_output/prodigal_output/predicted_genes/predicted.faa
# Option settings: hmmsearch --domtblout home/simonedassisi/Desktop/BUSCO_output/auto_lineage/run_archaea_odb12/hmmer_output/372102at2157.out --cpu 1 /home/simonedassisi/busco_downloads/lineages/archaea_odb12/hmms/372102at2157.hmm home/simonedassisi/Desktop/BUSCO_output/prodigal_output/predicted_genes/predicted.faa 
# Current dir:     /home/simonedassisi
# Date:            Tue Apr  1 14:23:23 2025
# [ok]
