#                                                                                                      --- full sequence --- -------------- this domain -------------   hmm coord   ali coord   env coord
# target name                                  accession   tlen query name           accession   qlen   E-value  score  bias   #  of  c-Evalue  i-Evalue  score  bias  from    to  from    to  from    to  acc description of target
#                          ------------------- ---------- ----- -------------------- ---------- ----- --------- ------ ----- --- --- --------- --------- ------ ----- ----- ----- ----- ----- ----- ----- ---- ---------------------
NODE_92_length_11228_cov_35.467796:4703-6463|- -            587 45138                -             47   0.00033   18.2   6.8   1   1   4.7e-07    0.0008   17.0   6.8    10    34   428   452   422   455 0.90 NODE_92_length_11228_cov_35.467796_5 # 4703 # 6463 # -1 # ID=92_5;partial=00;start_type=ATG;rbs_motif=None;rbs_spacer=None;gc_cont=0.531
NODE_43_length_41508_cov_43.498876:2638-3180|- -            181 45138                -             47     0.059   11.0   4.8   1   4     0.034        57    1.4   0.1    29    35    14    20     9    28 0.65 NODE_43_length_41508_cov_43.498876_5 # 2638 # 3180 # -1 # ID=43_5;partial=00;start_type=ATG;rbs_motif=None;rbs_spacer=None;gc_cont=0.497
NODE_43_length_41508_cov_43.498876:2638-3180|- -            181 45138                -             47     0.059   11.0   4.8   2   4   0.00039      0.66    7.6   0.1     9    22    57    70    53    74 0.89 NODE_43_length_41508_cov_43.498876_5 # 2638 # 3180 # -1 # ID=43_5;partial=00;start_type=ATG;rbs_motif=None;rbs_spacer=None;gc_cont=0.497
NODE_43_length_41508_cov_43.498876:2638-3180|- -            181 45138                -             47     0.059   11.0   4.8   3   4      0.16   2.7e+02   -0.7   0.1    26    38   102   114    99   119 0.79 NODE_43_length_41508_cov_43.498876_5 # 2638 # 3180 # -1 # ID=43_5;partial=00;start_type=ATG;rbs_motif=None;rbs_spacer=None;gc_cont=0.497
NODE_43_length_41508_cov_43.498876:2638-3180|- -            181 45138                -             47     0.059   11.0   4.8   4   4     0.067   1.1e+02    0.5   0.0    27    42   144   159   139   163 0.76 NODE_43_length_41508_cov_43.498876_5 # 2638 # 3180 # -1 # ID=43_5;partial=00;start_type=ATG;rbs_motif=None;rbs_spacer=None;gc_cont=0.497
NODE_9_length_123825_cov_37.296666:7151-7570|- -            140 45138                -             47      0.48    8.1   4.2   1   1   0.00072       1.2    6.8   4.2    14    35     3    30     1    32 0.81 NODE_9_length_123825_cov_37.296666_6 # 7151 # 7570 # -1 # ID=9_6;partial=00;start_type=ATG;rbs_motif=GGAG/GAGG;rbs_spacer=5-10bp;gc_cont=0.495
#
# Program:         hmmsearch
# Version:         3.4 (Aug 2023)
# Pipeline mode:   SEARCH
# Query file:      /home/simonedassisi/busco_downloads/lineages/archaea_odb12/hmms/45138at2157.hmm
# Target file:     home/simonedassisi/Desktop/BUSCO_output/prodigal_output/predicted_genes/predicted.faa
# Option settings: hmmsearch --domtblout home/simonedassisi/Desktop/BUSCO_output/auto_lineage/run_archaea_odb12/hmmer_output/45138at2157.out --cpu 1 /home/simonedassisi/busco_downloads/lineages/archaea_odb12/hmms/45138at2157.hmm home/simonedassisi/Desktop/BUSCO_output/prodigal_output/predicted_genes/predicted.faa 
# Current dir:     /home/simonedassisi
# Date:            Tue Apr  1 14:23:23 2025
# [ok]
