#                                                                                                        --- full sequence --- -------------- this domain -------------   hmm coord   ali coord   env coord
# target name                                    accession   tlen query name           accession   qlen   E-value  score  bias   #  of  c-Evalue  i-Evalue  score  bias  from    to  from    to  from    to  acc description of target
#                            ------------------- ---------- ----- -------------------- ---------- ----- --------- ------ ----- --- --- --------- --------- ------ ----- ----- ----- ----- ----- ----- ----- ---- ---------------------
NODE_30_length_69036_cov_41.149327:5027-6745|+   -            573 7375                 -            480   3.1e-53  179.1   0.1   1   2   3.3e-23   4.1e-20   69.9   0.0    31   197    33   193    18   206 0.91 NODE_30_length_69036_cov_41.149327_7 # 5027 # 6745 # 1 # ID=30_7;partial=00;start_type=ATG;rbs_motif=GGA/GAG/AGG;rbs_spacer=11-12bp;gc_cont=0.547
NODE_30_length_69036_cov_41.149327:5027-6745|+   -            573 7375                 -            480   3.1e-53  179.1   0.1   2   2   1.6e-34     2e-31  107.2   0.1   224   386   407   568   400   572 0.95 NODE_30_length_69036_cov_41.149327_7 # 5027 # 6745 # 1 # ID=30_7;partial=00;start_type=ATG;rbs_motif=GGA/GAG/AGG;rbs_spacer=11-12bp;gc_cont=0.547
NODE_45_length_36631_cov_36.253287:18414-20342|+ -            643 7375                 -            480   6.9e-27   92.2   0.1   1   2     5e-13   6.3e-10   36.3   0.0    20   199   246   418   232   435 0.83 NODE_45_length_36631_cov_36.253287_19 # 18414 # 20342 # 1 # ID=45_19;partial=00;start_type=ATG;rbs_motif=AGGA;rbs_spacer=5-10bp;gc_cont=0.494
NODE_45_length_36631_cov_36.253287:18414-20342|+ -            643 7375                 -            480   6.9e-27   92.2   0.1   2   2   2.3e-18   2.8e-15   53.9   0.0   223   389   475   633   430   642 0.81 NODE_45_length_36631_cov_36.253287_19 # 18414 # 20342 # 1 # ID=45_19;partial=00;start_type=ATG;rbs_motif=AGGA;rbs_spacer=5-10bp;gc_cont=0.494
NODE_23_length_80065_cov_37.437114:7170-8462|-   -            431 7375                 -            480   6.6e-09   32.9   0.0   1   1   7.3e-12   9.2e-09   32.4   0.0    45   249   170   377   154   416 0.80 NODE_23_length_80065_cov_37.437114_7 # 7170 # 8462 # -1 # ID=23_7;partial=00;start_type=ATG;rbs_motif=AGGA;rbs_spacer=5-10bp;gc_cont=0.531
NODE_9_length_123825_cov_37.296666:85116-86390|+ -            425 7375                 -            480    0.0092   12.7   0.0   1   2   0.00021      0.27    7.8   0.0    32    82     6    56     1    84 0.80 NODE_9_length_123825_cov_37.296666_74 # 85116 # 86390 # 1 # ID=9_74;partial=00;start_type=GTG;rbs_motif=GGA/GAG/AGG;rbs_spacer=5-10bp;gc_cont=0.545
NODE_9_length_123825_cov_37.296666:85116-86390|+ -            425 7375                 -            480    0.0092   12.7   0.0   2   2     0.007       8.8    2.8   0.0   309   387   343   422   321   424 0.71 NODE_9_length_123825_cov_37.296666_74 # 85116 # 86390 # 1 # ID=9_74;partial=00;start_type=GTG;rbs_motif=GGA/GAG/AGG;rbs_spacer=5-10bp;gc_cont=0.545
#
# Program:         hmmsearch
# Version:         3.4 (Aug 2023)
# Pipeline mode:   SEARCH
# Query file:      /home/simonedassisi/busco_downloads/lineages/archaea_odb12/hmms/7375at2157.hmm
# Target file:     home/simonedassisi/Desktop/BUSCO_output/prodigal_output/predicted_genes/predicted.faa
# Option settings: hmmsearch --domtblout home/simonedassisi/Desktop/BUSCO_output/auto_lineage/run_archaea_odb12/hmmer_output/7375at2157.out --cpu 1 /home/simonedassisi/busco_downloads/lineages/archaea_odb12/hmms/7375at2157.hmm home/simonedassisi/Desktop/BUSCO_output/prodigal_output/predicted_genes/predicted.faa 
# Current dir:     /home/simonedassisi
# Date:            Tue Apr  1 14:23:24 2025
# [ok]
