#                                                                                                         --- full sequence --- -------------- this domain -------------   hmm coord   ali coord   env coord
# target name                                     accession   tlen query name           accession   qlen   E-value  score  bias   #  of  c-Evalue  i-Evalue  score  bias  from    to  from    to  from    to  acc description of target
#                             ------------------- ---------- ----- -------------------- ---------- ----- --------- ------ ----- --- --- --------- --------- ------ ----- ----- ----- ----- ----- ----- ----- ---- ---------------------
NODE_16_length_86943_cov_42.279511:11216-12691|+  -            492 8479                 -            387   7.2e-05   19.9   0.0   1   1   1.3e-07   0.00016   18.7   0.0   184   280    34   139    26   149 0.79 NODE_16_length_86943_cov_42.279511_10 # 11216 # 12691 # 1 # ID=16_10;partial=00;start_type=ATG;rbs_motif=GGAG/GAGG;rbs_spacer=5-10bp;gc_cont=0.541
NODE_33_length_56462_cov_40.195669:558-1580|-     -            341 8479                 -            387     0.006   13.5   2.0   1   1   7.7e-06    0.0097   12.8   1.9   184   222   160   198   149   281 0.87 NODE_33_length_56462_cov_40.195669_2 # 558 # 1580 # -1 # ID=33_2;partial=00;start_type=ATG;rbs_motif=GGAG/GAGG;rbs_spacer=5-10bp;gc_cont=0.511
NODE_11_length_117034_cov_40.464403:59539-60771|- -            411 8479                 -            387    0.0066   13.4   0.0   1   2   0.00015      0.19    8.6   0.0   175   274   139   239   134   257 0.79 NODE_11_length_117034_cov_40.464403_49 # 59539 # 60771 # -1 # ID=11_49;partial=00;start_type=ATG;rbs_motif=AGGA;rbs_spacer=5-10bp;gc_cont=0.526
NODE_11_length_117034_cov_40.464403:59539-60771|- -            411 8479                 -            387    0.0066   13.4   0.0   2   2     0.011        14    2.4   0.0   331   370   357   398   332   403 0.85 NODE_11_length_117034_cov_40.464403_49 # 59539 # 60771 # -1 # ID=11_49;partial=00;start_type=ATG;rbs_motif=AGGA;rbs_spacer=5-10bp;gc_cont=0.526
NODE_11_length_117034_cov_40.464403:14705-16330|- -            542 8479                 -            387     0.039   10.9   1.9   1   2     0.024        31    1.3   0.1   189   218   105   134    81   138 0.80 NODE_11_length_117034_cov_40.464403_12 # 14705 # 16330 # -1 # ID=11_12;partial=00;start_type=ATG;rbs_motif=GGAG/GAGG;rbs_spacer=5-10bp;gc_cont=0.524
NODE_11_length_117034_cov_40.464403:14705-16330|- -            542 8479                 -            387     0.039   10.9   1.9   2   2   0.00014      0.18    8.7   0.1   188   221   269   302   257   328 0.85 NODE_11_length_117034_cov_40.464403_12 # 14705 # 16330 # -1 # ID=11_12;partial=00;start_type=ATG;rbs_motif=GGAG/GAGG;rbs_spacer=5-10bp;gc_cont=0.524
#
# Program:         hmmsearch
# Version:         3.4 (Aug 2023)
# Pipeline mode:   SEARCH
# Query file:      /home/simonedassisi/busco_downloads/lineages/archaea_odb12/hmms/8479at2157.hmm
# Target file:     home/simonedassisi/Desktop/BUSCO_output/prodigal_output/predicted_genes/predicted.faa
# Option settings: hmmsearch --domtblout home/simonedassisi/Desktop/BUSCO_output/auto_lineage/run_archaea_odb12/hmmer_output/8479at2157.out --cpu 1 /home/simonedassisi/busco_downloads/lineages/archaea_odb12/hmms/8479at2157.hmm home/simonedassisi/Desktop/BUSCO_output/prodigal_output/predicted_genes/predicted.faa 
# Current dir:     /home/simonedassisi
# Date:            Tue Apr  1 14:23:25 2025
# [ok]
