#                                                                                                        --- full sequence --- -------------- this domain -------------   hmm coord   ali coord   env coord
# target name                                    accession   tlen query name           accession   qlen   E-value  score  bias   #  of  c-Evalue  i-Evalue  score  bias  from    to  from    to  from    to  acc description of target
#                            ------------------- ---------- ----- -------------------- ---------- ----- --------- ------ ----- --- --- --------- --------- ------ ----- ----- ----- ----- ----- ----- ----- ---- ---------------------
NODE_2_length_157429_cov_38.171358:81800-82717|- -            306 85118                -            218     6e-48  160.9   0.1   1   2   3.3e-28   2.8e-25   86.8   0.0     1   109     1   119     1   128 0.83 NODE_2_length_157429_cov_38.171358_78 # 81800 # 82717 # -1 # ID=2_78;partial=00;start_type=ATG;rbs_motif=None;rbs_spacer=None;gc_cont=0.508
NODE_2_length_157429_cov_38.171358:81800-82717|- -            306 85118                -            218     6e-48  160.9   0.1   2   2   1.1e-23   8.9e-21   72.1   0.0   125   203   204   284   197   305 0.83 NODE_2_length_157429_cov_38.171358_78 # 81800 # 82717 # -1 # ID=2_78;partial=00;start_type=ATG;rbs_motif=None;rbs_spacer=None;gc_cont=0.508
NODE_7_length_130108_cov_39.332856:47256-48014|+ -            253 85118                -            218   4.1e-13   47.1   0.0   1   1   6.8e-15   5.7e-12   43.3   0.0    12   216    32   249    23   251 0.77 NODE_7_length_130108_cov_39.332856_43 # 47256 # 48014 # 1 # ID=7_43;partial=00;start_type=ATG;rbs_motif=GGA/GAG/AGG;rbs_spacer=5-10bp;gc_cont=0.589
NODE_77_length_15753_cov_35.008191:9392-10147|+  -            252 85118                -            218   7.9e-07   26.5   0.0   1   1   1.4e-09   1.2e-06   25.9   0.0    26    89    21    81    12    95 0.87 NODE_77_length_15753_cov_35.008191_11 # 9392 # 10147 # 1 # ID=77_11;partial=00;start_type=ATG;rbs_motif=GGAG/GAGG;rbs_spacer=5-10bp;gc_cont=0.401
NODE_7_length_130108_cov_39.332856:55762-57747|+ -            662 85118                -            218   0.00015   19.1   0.0   1   1   3.3e-07   0.00028   18.2   0.0    51    88   173   211   164   228 0.85 NODE_7_length_130108_cov_39.332856_52 # 55762 # 57747 # 1 # ID=7_52;partial=00;start_type=ATG;rbs_motif=GGAG/GAGG;rbs_spacer=5-10bp;gc_cont=0.521
NODE_36_length_50779_cov_38.268459:14112-14759|- -            216 85118                -            218    0.0068   13.6   0.0   1   1   1.1e-05    0.0092   13.2   0.0    17    72    14    70     8    83 0.74 NODE_36_length_50779_cov_38.268459_12 # 14112 # 14759 # -1 # ID=36_12;partial=00;start_type=ATG;rbs_motif=GGA/GAG/AGG;rbs_spacer=5-10bp;gc_cont=0.514
NODE_36_length_50779_cov_38.268459:31825-34089|- -            755 85118                -            218      0.02   12.1   0.0   1   1   4.2e-05     0.035   11.3   0.0    20    76   511   575   506   637 0.78 NODE_36_length_50779_cov_38.268459_26 # 31825 # 34089 # -1 # ID=36_26;partial=00;start_type=ATG;rbs_motif=GGAGG;rbs_spacer=5-10bp;gc_cont=0.497
#
# Program:         hmmsearch
# Version:         3.4 (Aug 2023)
# Pipeline mode:   SEARCH
# Query file:      /home/simonedassisi/busco_downloads/lineages/archaea_odb12/hmms/85118at2157.hmm
# Target file:     home/simonedassisi/Desktop/BUSCO_output/prodigal_output/predicted_genes/predicted.faa
# Option settings: hmmsearch --domtblout home/simonedassisi/Desktop/BUSCO_output/auto_lineage/run_archaea_odb12/hmmer_output/85118at2157.out --cpu 1 /home/simonedassisi/busco_downloads/lineages/archaea_odb12/hmms/85118at2157.hmm home/simonedassisi/Desktop/BUSCO_output/prodigal_output/predicted_genes/predicted.faa 
# Current dir:     /home/simonedassisi
# Date:            Tue Apr  1 14:23:25 2025
# [ok]
