#                                                                                                        --- full sequence --- -------------- this domain -------------   hmm coord   ali coord   env coord
# target name                                    accession   tlen query name           accession   qlen   E-value  score  bias   #  of  c-Evalue  i-Evalue  score  bias  from    to  from    to  from    to  acc description of target
#                            ------------------- ---------- ----- -------------------- ---------- ----- --------- ------ ----- --- --- --------- --------- ------ ----- ----- ----- ----- ----- ----- ----- ---- ---------------------
NODE_21_length_83220_cov_38.326345:61997-62641|- -            215 85381                -            154   3.3e-05   21.8   0.1   1   2   3.9e-08   6.6e-05   20.8   0.0     2    65     9    71     8   125 0.80 NODE_21_length_83220_cov_38.326345_60 # 61997 # 62641 # -1 # ID=21_60;partial=00;start_type=ATG;rbs_motif=GGA/GAG/AGG;rbs_spacer=5-10bp;gc_cont=0.518
NODE_21_length_83220_cov_38.326345:61997-62641|- -            215 85381                -            154   3.3e-05   21.8   0.1   2   2       1.1   1.8e+03   -3.3   0.0    66    79   193   206   185   207 0.76 NODE_21_length_83220_cov_38.326345_60 # 61997 # 62641 # -1 # ID=21_60;partial=00;start_type=ATG;rbs_motif=GGA/GAG/AGG;rbs_spacer=5-10bp;gc_cont=0.518
NODE_4_length_139564_cov_44.158667:41126-41746|+ -            207 85381                -            154   0.00055   17.8   0.8   1   2   3.6e-05      0.06   11.2   0.0     3    35    12    43    10    63 0.79 NODE_4_length_139564_cov_44.158667_37 # 41126 # 41746 # 1 # ID=4_37;partial=00;start_type=ATG;rbs_motif=GGA/GAG/AGG;rbs_spacer=5-10bp;gc_cont=0.528
NODE_4_length_139564_cov_44.158667:41126-41746|+ -            207 85381                -            154   0.00055   17.8   0.8   2   2    0.0029       4.9    5.0   0.3    83   141   122   177   115   189 0.69 NODE_4_length_139564_cov_44.158667_37 # 41126 # 41746 # 1 # ID=4_37;partial=00;start_type=ATG;rbs_motif=GGA/GAG/AGG;rbs_spacer=5-10bp;gc_cont=0.528
NODE_6_length_131096_cov_36.333598:61885-62394|+ -            170 85381                -            154      0.03   12.2   0.1   1   2     5e-05     0.084   10.7   0.0    73   115    17    59    14    90 0.90 NODE_6_length_131096_cov_36.333598_61 # 61885 # 62394 # 1 # ID=6_61;partial=00;start_type=ATG;rbs_motif=GGA/GAG/AGG;rbs_spacer=5-10bp;gc_cont=0.520
NODE_6_length_131096_cov_36.333598:61885-62394|+ -            170 85381                -            154      0.03   12.2   0.1   2   2      0.19   3.1e+02   -0.8   0.0    56    81    79   103    60   108 0.68 NODE_6_length_131096_cov_36.333598_61 # 61885 # 62394 # 1 # ID=6_61;partial=00;start_type=ATG;rbs_motif=GGA/GAG/AGG;rbs_spacer=5-10bp;gc_cont=0.520
#
# Program:         hmmsearch
# Version:         3.4 (Aug 2023)
# Pipeline mode:   SEARCH
# Query file:      /home/simonedassisi/busco_downloads/lineages/archaea_odb12/hmms/85381at2157.hmm
# Target file:     home/simonedassisi/Desktop/BUSCO_output/prodigal_output/predicted_genes/predicted.faa
# Option settings: hmmsearch --domtblout home/simonedassisi/Desktop/BUSCO_output/auto_lineage/run_archaea_odb12/hmmer_output/85381at2157.out --cpu 1 /home/simonedassisi/busco_downloads/lineages/archaea_odb12/hmms/85381at2157.hmm home/simonedassisi/Desktop/BUSCO_output/prodigal_output/predicted_genes/predicted.faa 
# Current dir:     /home/simonedassisi
# Date:            Tue Apr  1 14:23:25 2025
# [ok]
