#                                                                                                         --- full sequence --- -------------- this domain -------------   hmm coord   ali coord   env coord
# target name                                     accession   tlen query name           accession   qlen   E-value  score  bias   #  of  c-Evalue  i-Evalue  score  bias  from    to  from    to  from    to  acc description of target
#                             ------------------- ---------- ----- -------------------- ---------- ----- --------- ------ ----- --- --- --------- --------- ------ ----- ----- ----- ----- ----- ----- ----- ---- ---------------------
NODE_274_length_24805_cov_72.090103:20258-21556|- -            433 9767721              -            426  6.8e-145  481.5  24.4   1   1  5.8e-148  7.6e-145  481.3  24.4     1   425     1   430     1   431 0.96 NODE_274_length_24805_cov_72.090103_21 # 20258 # 21556 # -1 # ID=77_21;partial=00;start_type=ATG;rbs_motif=GGAG/GAGG;rbs_spacer=5-10bp;gc_cont=0.510
NODE_614_length_35137_cov_72.104843:5759-7045|-   -            429 9767721              -            426   1.2e-05   22.7   5.3   1   1   1.6e-08   2.1e-05   21.9   5.3   286   406    23   141    15   179 0.76 NODE_614_length_35137_cov_72.104843_8 # 5759 # 7045 # -1 # ID=265_8;partial=00;start_type=ATG;rbs_motif=GGA/GAG/AGG;rbs_spacer=5-10bp;gc_cont=0.538
NODE_626_length_8769_cov_75.351463:5437-5886|+    -            150 9767721              -            426     2e-05   22.0   0.0   1   2   2.7e-06    0.0036   14.5   0.0   159   215     4    66     1    72 0.80 NODE_626_length_8769_cov_75.351463_5 # 5437 # 5886 # 1 # ID=267_5;partial=00;start_type=ATG;rbs_motif=GGA/GAG/AGG;rbs_spacer=5-10bp;gc_cont=0.544
NODE_626_length_8769_cov_75.351463:5437-5886|+    -            150 9767721              -            426     2e-05   22.0   0.0   2   2    0.0014       1.9    5.6   0.0   207   238   118   143   111   147 0.87 NODE_626_length_8769_cov_75.351463_5 # 5437 # 5886 # 1 # ID=267_5;partial=00;start_type=ATG;rbs_motif=GGA/GAG/AGG;rbs_spacer=5-10bp;gc_cont=0.544
NODE_1441_length_52686_cov_76.197510:6697-7287|-  -            197 9767721              -            426   0.00022   18.5   0.5   1   2   5.2e-06    0.0069   13.6   0.0   184   222    31    70     2    75 0.76 NODE_1441_length_52686_cov_76.197510_11 # 6697 # 7287 # -1 # ID=633_11;partial=00;start_type=ATG;rbs_motif=AGGAG;rbs_spacer=5-10bp;gc_cont=0.553
NODE_1441_length_52686_cov_76.197510:6697-7287|-  -            197 9767721              -            426   0.00022   18.5   0.5   2   2    0.0069       9.1    3.3   0.1   222   246   122   147   108   150 0.87 NODE_1441_length_52686_cov_76.197510_11 # 6697 # 7287 # -1 # ID=633_11;partial=00;start_type=ATG;rbs_motif=AGGAG;rbs_spacer=5-10bp;gc_cont=0.553
#
# Program:         hmmsearch
# Version:         3.4 (Aug 2023)
# Pipeline mode:   SEARCH
# Query file:      /home/simonedassisi/velvet-1.2.10/busco_downloads/lineages/bacteria_odb12/hmms/9767721at2.hmm
# Target file:     results/BUSCO_output_velveth21/prodigal_output/predicted_genes/predicted.faa
# Option settings: hmmsearch --domtblout results/BUSCO_output_velveth21/auto_lineage/run_bacteria_odb12/hmmer_output/9767721at2.out --cpu 1 /home/simonedassisi/velvet-1.2.10/busco_downloads/lineages/bacteria_odb12/hmms/9767721at2.hmm results/BUSCO_output_velveth21/prodigal_output/predicted_genes/predicted.faa 
# Current dir:     /home/simonedassisi/velvet-1.2.10
# Date:            Wed Apr  2 19:18:21 2025
# [ok]
